timestamps,v27_price,v26_price,v27_hashrate,v26_hashrate,v27_economic,v26_economic,v27_blocks,v26_blocks,v27_difficulty,v26_difficulty,v27_chainwork,v26_chainwork,v27_fee_rate,v26_fee_rate,v27_fee_revenue_btc,v26_fee_revenue_btc,v27_congestion,v26_congestion,v27_mempool_mb,v26_mempool_mb,v27_transactional,v26_transactional,v27_solo_hashrate,v26_solo_hashrate,v27_block_time_s,v26_block_time_s
0,60000,60000,38.1,48.3,56.737060138721,43.262939861279,0,0,1.0,1.0,0.0,0.0,1.0,1.0,0.01,0.01,0.009927744556206649,0.005971420270707937,0,0,56.74589100306744,43.25410899693257,8.3163,25.9702,None,None
60,60000,60000,38.1,48.3,56.737060138721,43.262939861279,9,14,1.0,1.0,9.0,14.0,1.0,1.0,0.01,0.01,0.009927744556206649,0.005971420270707937,0,0,56.74589100306744,43.25410899693257,8.3163,25.9702,6.666666666666667,4.285714285714286
121,59454.63852099435,59892.56147900566,38.1,48.3,56.737060138721,43.262939861279,20,29,1.0,1.0,20.0,29.0,0.009929289764316262,0.005970201379838864,9.929289764316261e-05,5.9702013798388646e-05,0.009927744556206649,0.005971420270707937,0,0,56.74589100306744,43.25410899693257,8.3163,25.9702,5.545454545454546,4.066666666666666
181,59576.02272685059,59771.1772731494,38.1,48.3,56.737060138721,43.262939861279,27,38,1.0,1.0,27.0,38.0,0.009929289764316262,0.005970201379838864,9.929289764316261e-05,5.9702013798388646e-05,0.009927744556206649,0.005971420270707937,0,0,56.74589100306744,43.25410899693257,8.3163,25.9702,8.571428571428571,6.666666666666667
242,59628.01644741575,59719.183552584254,38.1,48.3,56.737060138721,43.262939861279,38,48,1.0,1.0,38.0,48.0,0.009929289764316262,0.005970201379838864,9.929289764316261e-05,5.9702013798388646e-05,0.009927744556206649,0.005971420270707937,0,0,56.74589100306744,43.25410899693257,8.3163,25.9702,5.545454545454546,6.1
302,59818.64256548373,59528.557434516275,38.1,48.3,56.737060138721,43.262939861279,40,51,1.0,1.0,40.0,51.0,0.009929289764316262,0.005970201379838864,9.929289764316261e-05,5.9702013798388646e-05,0.009927744556206649,0.005971420270707937,0,0,56.74589100306744,43.25410899693257,8.3163,25.9702,30.0,20.0
367,59802.08238148168,59545.11761851832,38.1,48.3,56.737060138721,43.262939861279,43,52,1.0,1.0,43.0,52.0,0.009929289764316262,0.005970201379838864,9.929289764316261e-05,5.9702013798388646e-05,0.009927744556206649,0.005971420270707937,0,0,56.74589100306744,43.25410899693257,8.3163,25.9702,21.666666666666668,65.0
439,59896.19458506757,59451.00541493243,38.1,48.3,56.737060138721,43.262939861279,49,61,1.0,1.0,49.0,61.0,0.009929289764316262,0.005970201379838864,9.929289764316261e-05,5.9702013798388646e-05,0.009927744556206649,0.005971420270707937,0,0,56.74589100306744,43.25410899693257,8.3163,25.9702,12.0,8.0
499,59844.519943919244,59502.68005608075,38.1,48.3,56.737060138721,43.262939861279,56,69,1.0,1.0,56.0,69.0,0.009929289764316262,0.005970201379838864,9.929289764316261e-05,5.9702013798388646e-05,0.009927744556206649,0.005971420270707937,0,0,56.74589100306744,43.25410899693257,8.3163,25.9702,8.571428571428571,7.5
559,59862.84721664652,59484.35278335349,38.1,48.3,56.737060138721,43.262939861279,65,77,1.0,1.0,65.0,77.0,0.009929289764316262,0.005970201379838864,9.929289764316261e-05,5.9702013798388646e-05,0.009927744556206649,0.005971420270707937,0,0,56.74589100306744,43.25410899693257,8.3163,25.9702,6.666666666666667,7.5
622,59933.02186453384,59414.17813546616,38.1,48.3,56.737060138721,43.262939861279,65,77,1.0,1.0,65.0,77.0,0.009929289764316262,0.005970201379838864,9.929289764316261e-05,5.9702013798388646e-05,0.009927744556206649,0.005971420270707937,0,0,56.74589100306744,43.25410899693257,8.3163,25.9702,None,None
685,59933.02186453384,59414.17813546616,50.5,35.9,56.737060138721,43.262939861279,66,77,1.0,1.0,66.0,77.0,0.009929289764316262,0.005970201379838864,9.929289764316261e-05,5.9702013798388646e-05,0.007490040942405412,0.008033972119086167,0,0,56.74589100306744,43.25410899693257,8.3163,25.9702,63.0,None
746,60555.52413972345,58791.67586027655,50.5,35.9,56.737060138721,43.262939861279,75,81,1.0,1.0,75.0,81.0,0.0074912067330782095,0.008032332218557581,7.49120673307821e-05,8.032332218557582e-05,0.007490040942405412,0.008033972119086167,0,0,56.74589100306744,43.25410899693257,8.3163,25.9702,6.777777777777778,15.25
823,60693.985678184974,58653.214321815016,50.5,35.9,56.737060138721,43.262939861279,93,91,1.0,1.0,93.0,91.0,0.0074912067330782095,0.008032332218557581,7.49120673307821e-05,8.032332218557582e-05,0.007490040942405412,0.008033972119086167,0,0,56.74589100306744,43.25410899693257,8.3163,25.9702,4.277777777777778,7.7
899,60871.57765142912,58475.622348570876,50.5,35.9,56.737060138721,43.262939861279,114,96,1.0,1.0,114.0,96.0,0.0074912067330782095,0.008032332218557581,7.49120673307821e-05,8.032332218557582e-05,0.007490040942405412,0.008033972119086167,0,0,56.74589100306744,43.25410899693257,8.3163,25.9702,3.619047619047619,15.2
973,61141.01864521794,58206.18135478206,50.5,35.9,56.737060138721,43.262939861279,116,99,1.0,1.0,116.0,99.0,0.0074912067330782095,0.008032332218557581,7.49120673307821e-05,8.032332218557582e-05,0.007490040942405412,0.008033972119086167,0,0,56.74589100306744,43.25410899693257,8.3163,25.9702,37.0,24.666666666666668
1034,61117.09837943723,58230.10162056279,50.5,35.9,56.737060138721,43.262939861279,121,100,1.0,1.0,121.0,100.0,0.0074912067330782095,0.008032332218557581,7.49120673307821e-05,8.032332218557582e-05,0.007490040942405412,0.008033972119086167,0,0,56.74589100306744,43.25410899693257,8.3163,25.9702,12.2,61.0
1094,61174.52866461032,58172.67133538968,50.5,35.9,56.737060138721,43.262939861279,122,102,1.0,1.0,122.0,102.0,0.0074912067330782095,0.008032332218557581,7.49120673307821e-05,8.032332218557582e-05,0.007490040942405412,0.008033972119086167,0,0,56.74589100306744,43.25410899693257,8.3163,25.9702,60.0,30.0
1156,61153.875788075085,58193.32421192491,50.5,35.9,56.737060138721,43.262939861279,123,105,1.0,1.0,123.0,105.0,0.0074912067330782095,0.008032332218557581,7.49120673307821e-05,8.032332218557582e-05,0.007490040942405412,0.008033972119086167,0,0,56.74589100306744,43.25410899693257,8.3163,25.9702,62.0,20.666666666666668
1236,61116.65774296232,58230.54225703769,50.5,35.9,56.737060138721,43.262939861279,125,108,1.0,1.0,125.0,108.0,0.0074912067330782095,0.008032332218557581,7.49120673307821e-05,8.032332218557582e-05,0.007490040942405412,0.008033972119086167,0,0,56.74589100306744,43.25410899693257,8.3163,25.9702,40.0,26.666666666666668
1296,61095.10816085252,58252.09183914747,50.5,35.9,56.737060138721,43.262939861279,141,117,1.0,1.0,141.0,117.0,0.0074912067330782095,0.008032332218557581,7.49120673307821e-05,8.032332218557582e-05,0.007490040942405412,0.008033972119086167,0,0,56.74589100306744,43.25410899693257,8.3163,25.9702,3.75,6.666666666666667
1373,61167.33093757676,58179.86906242325,50.5,35.9,56.737060138721,43.262939861279,143,124,1.0,1.0,143.0,123.0,0.0074912067330782095,0.008032332218557581,7.49120673307821e-05,8.032332218557582e-05,0.007490040942405412,0.008033972119086167,0,0,56.74589100306744,43.25410899693257,8.3163,25.9702,38.5,11.0
1433,61103.12390837585,58244.076091624156,50.5,35.9,56.737060138721,43.262939861279,193,133,0.25,1.0,156.25,132.0,0.0074912067330782095,0.008032332218557581,7.49120673307821e-05,8.032332218557582e-05,0.001872510235601353,0.008033972119086167,0,0,56.74589100306744,43.25410899693257,8.3163,25.9702,1.2,6.666666666666667
1493,61135.309315519036,58211.890684480975,50.5,35.9,56.737060138721,43.262939861279,244,143,0.25,1.0,169.0,142.0,0.0018728016832695524,0.008032332218557581,1.8728016832695523e-05,8.032332218557582e-05,0.001872510235601353,0.008033972119086167,0,0,56.74589100306744,43.25410899693257,8.3163,25.9702,1.1764705882352942,6.0
1553,61144.98740957257,58202.212590427436,50.5,35.9,56.737060138721,43.262939861279,284,171,0.25,0.25,179.0,150.5,0.0018728016832695524,0.008032332218557581,1.8728016832695523e-05,8.032332218557582e-05,0.001872510235601353,0.0020084930297715417,0,0,56.74589100306744,43.25410899693257,8.3163,25.9702,1.5,2.142857142857143
1641,61143.82809676792,58203.37190323208,50.5,35.9,56.737060138721,43.262939861279,319,206,0.3956043956043956,0.25,192.26373626373666,159.25,0.0018728016832695524,0.0020080830546393954,1.8728016832695523e-05,2.0080830546393956e-05,0.0029630931200724706,0.0020084930297715417,0,0,56.74589100306744,43.25410899693257,8.3163,25.9702,2.5142857142857142,2.5142857142857142
1722,61170.5547734456,58176.645226554385,50.5,35.9,56.737060138721,43.262939861279,333,225,0.3956043956043956,0.25,197.80219780219838,164.0,0.002963554311986984,0.0020080830546393954,2.9635543119869838e-05,2.0080830546393956e-05,0.0029630931200724706,0.0020084930297715417,0,0,56.74589100306744,43.25410899693257,8.3163,25.9702,5.785714285714286,4.2631578947368425
1822,61168.78545015399,58178.414549846,50.5,35.9,56.737060138721,43.262939861279,354,254,0.3956043956043956,0.25,206.10989010989096,171.25,0.002963554311986984,0.0020080830546393954,2.9635543119869838e-05,2.0080830546393956e-05,0.0029630931200724706,0.0020084930297715417,0,0,56.74589100306744,43.25410899693257,8.3163,25.9702,4.761904761904762,3.4482758620689653
1889,61165.00933489143,58182.19066510858,0.0,86.4,56.737060138721,43.262939861279,354,310,0.3956043956043956,0.1978021978021978,206.10989010989096,184.153846153846,0.002963554311986984,0.0020080830546393954,2.9635543119869838e-05,2.0080830546393956e-05,1.4963620256365975,0.0006603012799340506,0,0,56.74589100306744,43.25410899693257,8.3163,25.9702,None,1.1964285714285714
1980,58610.98142850664,60736.21857149336,0.0,86.4,56.737060138721,43.262939861279,354,354,0.3956043956043956,0.1978021978021978,206.10989010989096,192.85714285714235,1.4965949275534267,0.000660166498732182,0.014965949275534267,6.601664987321819e-06,1.4963620256365975,0.0006603012799340506,4.965949275534268,0,56.74589100306744,43.25410899693257,8.3163,25.9702,None,2.0681818181818183
2041,58528.030756557295,60819.16924344271,0.0,86.4,56.737060138721,43.262939861279,354,395,0.3956043956043956,0.1978021978021978,206.10989010989096,200.96703296703214,1.4965949275534267,0.000660166498732182,0.014965949275534267,6.601664987321819e-06,1.4963620256365975,0.0006603012799340506,4.965949275534268,0,56.74589100306744,43.25410899693257,8.3163,25.9702,None,1.4878048780487805
2101,58453.928266209216,60893.27173379079,0.0,86.4,56.737060138721,43.262939861279,354,492,0.3956043956043956,0.2862664973217737,206.10989010989096,225.37323982550015,1.4965949275534267,0.000660166498732182,0.014965949275534267,6.601664987321819e-06,1.4963620256365975,0.0009556119026181237,4.965949275534268,0,56.74589100306744,43.25410899693257,8.3163,25.9702,None,0.6185567010309279
2161,58247.72700729192,61099.472992708084,0.0,86.4,56.737060138721,43.262939861279,354,571,0.3956043956043956,0.2862664973217737,206.10989010989096,247.98829311392046,1.4965949275534267,0.0009554168423862736,0.014965949275534267,9.554168423862736e-06,1.4963620256365975,0.0009556119026181237,4.965949275534268,0,56.74589100306744,43.25410899693257,8.3163,25.9702,None,0.759493670886076
2222,58076.44357429722,61270.75642570279,0.0,86.4,56.737060138721,43.262939861279,354,617,0.3956043956043956,0.7777806719685927,206.10989010989096,280.8171189765942,1.4965949275534267,0.0009554168423862736,0.014965949275534267,9.554168423862736e-06,1.4963620256365975,0.0025963795090001847,4.965949275534268,0,56.74589100306744,43.25410899693257,8.3163,25.9702,None,1.326086956521739
2282,57856.113871193586,61491.086128806426,0.0,86.4,56.737060138721,43.262939861279,354,631,0.3956043956043956,0.7777806719685927,206.10989010989096,291.7060483841542,1.4965949275534267,0.00259584953403063,0.014965949275534267,2.59584953403063e-05,1.4963620256365975,0.0025963795090001847,4.965949275534268,0,56.74589100306744,43.25410899693257,8.3163,25.9702,None,4.285714285714286
2383,57789.45102556528,61557.74897443472,0.0,86.4,56.737060138721,43.262939861279,355,643,0.3956043956043956,0.7777806719685927,206.10989010989096,301.03941644777706,1.4965949275534267,0.00259584953403063,0.014965949275534267,2.59584953403063e-05,1.4963620256365975,0.0025963795090001847,4.965949275534268,0,56.74589100306744,43.25410899693257,8.3163,25.9702,101.0,8.416666666666666
2450,57734.58985275495,61612.610147245054,0.0,86.4,56.737060138721,43.262939861279,355,653,0.3956043956043956,0.7777806719685927,206.10989010989096,308.81722316746277,1.4965949275534267,0.00259584953403063,0.014965949275534267,2.59584953403063e-05,1.4963620256365975,0.0025963795090001847,4.965949275534268,0,56.74589100306744,43.25410899693257,8.3163,25.9702,None,6.7
2510,57690.391419091146,61656.80858090886,86.4,0.0,56.737060138721,43.262939861279,411,653,0.3956043956043956,0.7777806719685927,228.26373626373783,308.81722316746277,1.4965949275534267,0.00259584953403063,0.014965949275534267,2.59584953403063e-05,0.0017319004926349508,2.24327189577616,4.965949275534268,0,56.74589100306744,43.25410899693257,8.3163,25.9702,1.0714285714285714,None
2571,62015.705243725846,57331.49475627415,86.4,0.0,56.737060138721,43.262939861279,493,654,0.11427689662393775,0.7777806719685927,243.82364676447173,308.81722316746277,0.0017321700550386883,2.242813997402464,1.7321700550386885e-05,0.022428139974024642,0.000500288206498361,2.24327189577616,0,12.428139974024642,56.74589100306744,43.25410899693257,8.3163,25.9702,0.7439024390243902,61.0
2632,62132.2676083313,57214.932391668706,86.4,0.0,56.737060138721,43.262939861279,615,654,0.457107586495751,0.7777806719685927,270.79299436772146,308.81722316746277,0.0005003660740733625,2.242813997402464,5.003660740733625e-06,0.022428139974024642,0.002001152825993444,2.24327189577616,0,12.428139974024642,56.74589100306744,43.25410899693257,8.3163,25.9702,0.5,None
2693,62319.47604585318,57027.72395414682,86.4,0.0,56.737060138721,43.262939861279,675,654,0.457107586495751,0.7777806719685927,298.21944955746574,308.81722316746277,0.00200146429629345,2.242813997402464,2.00146429629345e-05,0.022428139974024642,0.002001152825993444,2.24327189577616,0,12.428139974024642,56.74589100306744,43.25410899693257,8.3163,25.9702,1.0166666666666666,None
2754,62492.79766124037,56854.40233875964,86.4,0.0,56.737060138721,43.262939861279,722,655,0.8385158274571738,0.7777806719685927,320.08491436372685,309.59500383943134,0.00200146429629345,2.242813997402464,2.00146429629345e-05,0.022428139974024642,0.003670904547045298,2.24327189577616,0,12.428139974024642,56.74589100306744,43.25410899693257,8.3163,25.9702,1.297872340425532,61.0
2815,62615.620032669016,56731.579967330974,86.4,0.0,56.737060138721,43.262939861279,755,655,0.8385158274571738,0.7777806719685927,347.75593666981354,309.59500383943134,0.0036714759065765183,2.242813997402464,3.671475906576518e-05,0.022428139974024642,0.003670904547045298,2.24327189577616,0,12.428139974024642,56.74589100306744,43.25410899693257,8.3163,25.9702,1.8484848484848484,None
2875,62764.63658552603,56582.56341447398,86.4,0.0,56.737060138721,43.262939861279,786,655,0.8385158274571738,0.7777806719685927,373.7499273209859,309.59500383943134,0.0036714759065765183,2.242813997402464,3.671475906576518e-05,0.022428139974024642,0.003670904547045298,2.24327189577616,0,12.428139974024642,56.74589100306744,43.25410899693257,8.3163,25.9702,1.935483870967742,None
2936,62893.62839423629,56453.57160576371,86.4,0.0,56.737060138721,43.262939861279,820,655,0.8385158274571738,0.7777806719685927,402.25946545452973,309.59500383943134,0.0036714759065765183,2.242813997402464,3.671475906576518e-05,0.022428139974024642,0.003670904547045298,2.24327189577616,0,12.428139974024642,56.74589100306744,43.25410899693257,8.3163,25.9702,1.7941176470588236,None
2996,63024.271178711715,56322.92882128828,86.4,0.0,56.737060138721,43.262939861279,844,655,0.8385158274571738,0.7777806719685927,422.38384531350187,309.59500383943134,0.0036714759065765183,2.242813997402464,3.671475906576518e-05,0.022428139974024642,0.003670904547045298,2.24327189577616,0,12.428139974024642,56.74589100306744,43.25410899693257,8.3163,25.9702,2.5,None
3057,63110.36246528592,56236.83753471408,86.4,0.0,56.737060138721,43.262939861279,870,655,0.8186188417209019,0.7777806719685927,444.08577189870687,309.59500383943134,0.0036714759065765183,2.242813997402464,3.671475906576518e-05,0.022428139974024642,0.003583798337454393,2.24327189577616,0,12.428139974024642,56.74589100306744,43.25410899693257,8.3163,25.9702,2.3461538461538463,None
3117,63198.050181667364,56149.14981833264,86.4,0.0,56.737060138721,43.262939861279,902,655,0.8186188417209019,0.7777806719685927,470.2815748337749,309.59500383943134,0.003584356139301822,2.242813997402464,3.584356139301822e-05,0.022428139974024642,0.003583798337454393,2.24327189577616,0,12.428139974024642,56.74589100306744,43.25410899693257,8.3163,25.9702,1.875,None
3178,63297.394912883,56049.805087117005,86.4,0.0,56.737060138721,43.262939861279,929,655,0.8186188417209019,0.7777806719685927,492.3842835602386,309.59500383943134,0.003584356139301822,2.242813997402464,3.584356139301822e-05,0.022428139974024642,0.003583798337454393,2.24327189577616,0,12.428139974024642,56.74589100306744,43.25410899693257,8.3163,25.9702,2.259259259259259,None
3238,63376.1689150666,55971.0310849334,86.4,0.0,56.737060138721,43.262939861279,961,655,0.8186188417209019,0.7777806719685927,518.5800864953067,309.59500383943134,0.003584356139301822,2.242813997402464,3.584356139301822e-05,0.022428139974024642,0.003583798337454393,2.24327189577616,0,12.428139974024642,56.74589100306744,43.25410899693257,8.3163,25.9702,1.875,None
3299,63464.08591076018,55883.11408923983,86.4,0.0,56.737060138721,43.262939861279,995,655,0.8186188417209019,0.7777806719685927,546.4131271138165,309.59500383943134,0.003584356139301822,2.242813997402464,3.584356139301822e-05,0.022428139974024642,0.003583798337454393,2.24327189577616,0,12.428139974024642,56.74589100306744,43.25410899693257,8.3163,25.9702,1.7941176470588236,None
3360,63551.60182614118,55795.59817385883,86.4,0.0,56.737060138721,43.262939861279,1026,655,0.8511271711755225,0.7777806719685927,572.3429528078933,309.59500383943134,0.003584356139301822,2.242813997402464,3.584356139301822e-05,0.022428139974024642,0.003726115238941751,2.24327189577616,0,12.428139974024642,56.74589100306744,43.25410899693257,8.3163,25.9702,1.967741935483871,None
3420,63628.16326968301,55719.03673031698,86.4,0.0,56.737060138721,43.262939861279,1057,655,0.8511271711755225,0.7777806719685927,598.7278951143358,309.59500383943134,0.0037266951917650708,2.242813997402464,3.726695191765071e-05,0.022428139974024642,0.003726115238941751,2.24327189577616,0,12.428139974024642,56.74589100306744,43.25410899693257,8.3163,25.9702,1.935483870967742,None
3481,63701.58156421011,55645.61843578989,86.4,0.0,56.737060138721,43.262939861279,1087,655,0.8511271711755225,0.7777806719685927,624.2617102496026,309.59500383943134,0.0037266951917650708,2.242813997402464,3.726695191765071e-05,0.022428139974024642,0.003726115238941751,2.24327189577616,0,12.428139974024642,56.74589100306744,43.25410899693257,8.3163,25.9702,2.033333333333333,None
3542,63768.681428411706,55578.5185715883,86.4,0.0,56.737060138721,43.262939861279,1116,655,0.8511271711755225,0.7777806719685927,648.944398213694,309.59500383943134,0.0037266951917650708,2.242813997402464,3.726695191765071e-05,0.022428139974024642,0.003726115238941751,2.24327189577616,0,12.428139974024642,56.74589100306744,43.25410899693257,8.3163,25.9702,2.103448275862069,None
3602,63830.14654044128,55517.05345955872,86.4,0.0,56.737060138721,43.262939861279,1154,655,0.8881327003570669,0.7777806719685927,681.3242362475469,309.59500383943134,0.0037266951917650708,2.242813997402464,3.726695191765071e-05,0.022428139974024642,0.003888120249330523,2.24327189577616,0,12.428139974024642,56.74589100306744,43.25410899693257,8.3163,25.9702,1.5789473684210527,None
3737,63906.13591696861,55441.0640830314,86.4,0.0,56.737121878272376,43.26287812172761,1175,655,0.8881327003570669,0.7777806719685927,699.9750229550464,309.59500383943134,0.003888725417493987,2.242813997402464,3.8887254174939866e-05,0.022428139974024642,0.0038881244802652826,2.243268694454175,0,12.428139974024642,56.74592017829636,43.25407982170365,8.6081,25.6784,6.428571428571429,None
3798,63947.70077525557,55399.49922474444,86.4,0.0,56.737121878272376,43.26287812172761,1206,655,0.8881327003570669,0.7777806719685927,727.507136666117,309.59500383943134,0.0038887274168361817,2.242812484607187,3.888727416836182e-05,0.02242812484607187,0.0038881244802652826,2.243268694454175,0,12.42812484607187,56.74592017829636,43.25407982170365,8.6081,25.6784,1.967741935483871,None
3878,64006.31567353467,55340.88432646533,86.4,0.0,56.737121878272376,43.26287812172761,1233,655,0.8881327003570669,0.7777806719685927,751.4867195757593,309.59500383943134,0.0038887274168361817,2.242812484607187,3.888727416836182e-05,0.02242812484607187,0.0038881244802652826,2.243268694454175,0,12.42812484607187,56.74592017829636,43.25407982170365,8.6081,25.6784,2.962962962962963,None
3939,64054.88898363855,55292.311016361455,86.4,0.0,56.737121878272376,43.26287812172761,1262,655,0.8881327003570669,0.7777806719685927,777.2425678861157,309.59500383943134,0.0038887274168361817,2.242812484607187,3.888727416836182e-05,0.02242812484607187,0.0038881244802652826,2.243268694454175,0,12.42812484607187,56.74592017829636,43.25407982170365,8.6081,25.6784,2.103448275862069,None
3999,64104.67287279755,55242.527127202455,86.4,0.0,56.737121878272376,43.26287812172761,1270,655,0.8881327003570669,0.7777806719685927,784.3476294889726,309.59500383943134,0.0038887274168361817,2.242812484607187,3.888727416836182e-05,0.02242812484607187,0.0038881244802652826,2.243268694454175,0,12.42812484607187,56.74592017829636,43.25407982170365,8.6081,25.6784,7.5,None
4060,64117.993819668576,55229.20618033142,86.4,0.0,56.737121878272376,43.26287812172761,1298,655,0.5560482993539898,0.7777806719685927,808.8832606979688,309.59500383943134,0.0038887274168361817,2.242812484607187,3.888727416836182e-05,0.02242812484607187,0.00243430402242696,2.243268694454175,0,12.42812484607187,56.74592017829636,43.25407982170365,8.6081,25.6784,2.1785714285714284,None
4120,64162.69320779568,55184.50679220432,86.4,0.0,56.737121878272376,43.26287812172761,1343,655,0.5560482993539898,0.7777806719685927,833.905434168897,309.59500383943134,0.0024346815131496098,2.242812484607187,2.4346815131496095e-05,0.02242812484607187,0.00243430402242696,2.243268694454175,0,12.42812484607187,56.74592017829636,43.25407982170365,8.6081,25.6784,1.3333333333333333,None
4181,64206.30335839503,55140.89664160497,86.4,0.0,56.737121878272376,43.26287812172761,1387,655,0.5560482993539898,0.7777806719685927,858.3715593404713,309.59500383943134,0.0024346815131496098,2.242812484607187,2.4346815131496095e-05,0.02242812484607187,0.00243430402242696,2.243268694454175,0,12.42812484607187,56.74592017829636,43.25407982170365,8.6081,25.6784,1.3863636363636365,None
4259,64247.137637051004,55100.062362949015,86.4,0.0,56.737121878272376,43.26287812172761,1393,655,0.5560482993539898,0.7777806719685927,861.7078491365951,309.59500383943134,0.0024346815131496098,2.242812484607187,2.4346815131496095e-05,0.02242812484607187,0.00243430402242696,2.243268694454175,0,12.42812484607187,56.74592017829636,43.25407982170365,8.6081,25.6784,13.0,None
4320,64252.57377659233,55094.62622340768,86.4,0.0,56.737121878272376,43.26287812172761,1393,655,0.5560482993539898,0.7777806719685927,861.7078491365951,309.59500383943134,0.0024346815131496098,2.242812484607187,2.4346815131496095e-05,0.02242812484607187,0.00243430402242696,2.243268694454175,0,12.42812484607187,56.74592017829636,43.25407982170365,8.6081,25.6784,None,None
4381,64252.57377659233,55094.62622340768,86.4,0.0,56.73741253525133,43.26258746474866,1419,655,0.5560482993539898,0.7777806719685927,876.1651049197981,309.59500383943134,0.0024346815131496098,2.242812484607187,2.4346815131496095e-05,0.02242812484607187,0.002434316493053414,2.2432536232954816,0,12.42812484607187,56.746057529211804,43.25394247078821,8.6081,25.6784,2.3461538461538463,None
4441,64275.81176911525,55071.38823088475,86.4,0.0,56.73741253525133,43.26258746474866,1471,655,0.4588593415872466,0.7777806719685927,902.1639477532042,309.59500383943134,0.0024346874061853306,2.242805362681367,2.4346874061853305e-05,0.02242805362681367,0.002008834240685912,2.2432536232954816,0,12.428053626813668,56.746057529211804,43.25394247078821,8.6081,25.6784,1.1538461538461537,None
4502,64316.14540619468,55031.05459380533,86.4,0.0,56.73741253525133,43.26258746474866,1521,655,0.4588593415872466,0.7777806719685927,925.1069148325691,309.59500383943134,0.002009140323728869,2.242805362681367,2.009140323728869e-05,0.02242805362681367,0.002008834240685912,2.2432536232954816,0,12.428053626813668,56.746057529211804,43.25394247078821,8.6081,25.6784,1.22,None
4563,64350.32742133859,54996.872578661416,86.4,0.0,56.73741253525133,43.26258746474866,1578,655,0.4588593415872466,0.7777806719685927,951.2618973030452,309.59500383943134,0.002009140323728869,2.242805362681367,2.009140323728869e-05,0.02242805362681367,0.002008834240685912,2.2432536232954816,0,12.428053626813668,56.746057529211804,43.25394247078821,8.6081,25.6784,1.0701754385964912,None
4676,64387.77751863995,54959.42248136005,86.4,0.0,56.73741253525133,43.26258746474866,1608,655,0.8107453397369756,0.7777806719685927,973.1210555081066,309.59500383943134,0.002009140323728869,2.242805362681367,2.009140323728869e-05,0.02242805362681367,0.0035493512964266415,2.2432536232954816,0,12.428053626813668,56.746057529211804,43.25394247078821,8.6081,25.6784,3.7666666666666666,None
4737,64417.905049595865,54929.29495040413,86.4,0.0,56.73741253525133,43.26258746474866,1637,655,0.8107453397369756,0.7777806719685927,996.6326703604786,309.59500383943134,0.003549892105729535,2.242805362681367,3.549892105729535e-05,0.02242805362681367,0.0035493512964266415,2.2432536232954816,0,12.428053626813668,56.746057529211804,43.25394247078821,8.6081,25.6784,2.103448275862069,None
4846,64449.184526827004,54898.01547317301,86.4,0.0,56.73741253525133,43.26258746474866,1658,655,0.8107453397369756,0.7777806719685927,1013.658322494955,309.59500383943134,0.003549892105729535,2.242805362681367,3.549892105729535e-05,0.02242805362681367,0.0035493512964266415,2.2432536232954816,0,12.428053626813668,56.746057529211804,43.25394247078821,8.6081,25.6784,5.190476190476191,None
4907,64471.14129015629,54876.05870984372,86.4,0.0,56.73741253525133,43.26258746474866,1659,655,0.8107453397369756,0.7777806719685927,1014.4690678346919,309.59500383943134,0.003549892105729535,2.242805362681367,3.549892105729535e-05,0.02242805362681367,0.0035493512964266415,2.2432536232954816,0,12.428053626813668,56.746057529211804,43.25394247078821,8.6081,25.6784,61.0,None
4968,64472.17276562892,54875.02723437109,86.4,0.0,56.73741253525133,43.26258746474866,1685,655,0.8107453397369756,0.7777806719685927,1035.548446667853,309.59500383943134,0.003549892105729535,2.242805362681367,3.549892105729535e-05,0.02242805362681367,0.0035493512964266415,2.2432536232954816,0,12.428053626813668,56.746057529211804,43.25394247078821,8.6081,25.6784,2.3461538461538463,None
5029,64498.554700649715,54848.64529935029,86.4,0.0,56.73741253525133,43.26258746474866,1713,655,0.8107453397369756,0.7777806719685927,1058.2493161804882,309.59500383943134,0.003549892105729535,2.242805362681367,3.549892105729535e-05,0.02242805362681367,0.0035493512964266415,2.2432536232954816,0,12.428053626813668,56.746057529211804,43.25394247078821,8.6081,25.6784,2.1785714285714284,None
5089,64526.0566615018,54821.14333849821,86.4,0.0,56.73741253525133,43.26258746474866,1749,655,0.4726612506968602,0.7777806719685927,1080.6744666302152,309.59500383943134,0.003549892105729535,2.242805362681367,3.549892105729535e-05,0.02242805362681367,0.0020692574359734263,2.2432536232954816,0,12.428053626813668,56.746057529211804,43.25394247078821,8.6081,25.6784,1.6666666666666667,None
5152,64552.34276103304,54794.85723896697,86.4,0.0,56.73741253525133,43.26258746474866,1790,655,0.4726612506968602,0.7777806719685927,1100.053577908783,309.59500383943134,0.002069572725607502,2.242805362681367,2.069572725607502e-05,0.02242805362681367,0.0020692574359734263,2.2432536232954816,0,12.428053626813668,56.746057529211804,43.25394247078821,8.6081,25.6784,1.5365853658536586,None
5213,64574.384733306724,54772.81526669329,86.4,0.0,56.73741253525133,43.26258746474866,1843,655,0.4726612506968602,0.7777806719685927,1125.104624195712,309.59500383943134,0.002069572725607502,2.242805362681367,2.069572725607502e-05,0.02242805362681367,0.0020692574359734263,2.2432536232954816,0,12.428053626813668,56.746057529211804,43.25394247078821,8.6081,25.6784,1.150943396226415,None
5274,64601.99562706878,54745.20437293122,86.4,0.0,56.73741253525133,43.26258746474866,1890,655,0.7604829061491383,0.7777806719685927,1152.2126711211488,309.59500383943134,0.002069572725607502,2.242805362681367,2.069572725607502e-05,0.02242805362681367,0.003329308053409759,2.2432536232954816,0,12.428053626813668,56.746057529211804,43.25394247078821,8.6081,25.6784,1.297872340425532,None
5334,64630.80762966755,54716.39237033246,86.4,0.0,99.96411889708193,0.03588110291807219,1913,655,0.7604829061491383,0.7777806719685927,1169.7037779625766,309.59500383943134,0.0033298153350556463,2.242805362681367,3.329815335055646e-05,0.02242805362681367,0.005865818182831084,0.0018605085559061612,0,12.428053626813668,99.98304426630176,0.01695573369824042,8.6081,25.6784,2.608695652173913,None
5395,69836.04247065955,49511.15752934046,86.4,0.0,99.96411889708193,0.03588110291807219,1930,655,0.7604829061491383,0.7777806719685927,1182.6319873671102,309.59500383943134,0.005866928709049004,0.0008791894633025296,5.866928709049004e-05,8.791894633025296e-06,0.005865818182831084,0.0018605085559061612,0,0,99.98304426630176,0.01695573369824042,8.6081,25.6784,3.588235294117647,None
5488,69849.09738501768,49498.10261498234,86.4,0.0,99.96411889708193,0.03588110291807219,1959,655,0.7604829061491383,0.7777806719685927,1204.6859916454323,309.59500383943134,0.005866928709049004,0.0008791894633025296,5.866928709049004e-05,8.791894633025296e-06,0.005865818182831084,0.0018605085559061612,0,0,99.98304426630176,0.01695573369824042,8.6081,25.6784,3.206896551724138,None
5574,69870.85305846186,49476.34694153815,86.4,0.0,99.96411889708193,0.03588110291807219,1964,655,0.7604829061491383,0.7777806719685927,1207.7279232700284,309.59500383943134,0.005866928709049004,0.0008791894633025296,5.866928709049004e-05,8.791894633025296e-06,0.005865818182831084,0.0018605085559061612,0,0,99.98304426630176,0.01695573369824042,8.6081,25.6784,17.2,None
5634,69873.80420922018,49473.39579077984,86.4,0.0,99.9769478947733,0.023052105226694423,1973,655,0.7604829061491383,0.7777806719685927,1214.5722694253698,309.59500383943134,0.005866928709049004,0.0008791894633025296,5.866928709049004e-05,8.791894633025296e-06,0.005866570978621772,0.0011952987929006063,0,0,99.98910665153466,0.010893348465349992,34.286500000000004,0.0,6.666666666666667,None
5695,69881.9407082268,49465.2592917732,86.4,0.0,99.9769478947733,0.023052105226694423,2006,655,0.7604829061491383,0.7777806719685927,1239.668205328288,309.59500383943134,0.005867284445186358,0.0005648423926245303,5.8672844451863575e-05,5.648423926245302e-06,0.005866570978621772,0.0011952987929006063,0,0,99.98910665153466,0.010893348465349992,34.286500000000004,0.0,1.8484848484848484,None
5755,69905.63108656385,49441.56891343614,86.4,0.0,99.9769478947733,0.023052105226694423,2035,655,0.46402346815879625,0.7777806719685927,1256.6823991607753,309.59500383943134,0.005867284445186358,0.0005648423926245303,5.8672844451863575e-05,5.648423926245302e-06,0.0035796026310234543,0.0011952987929006063,0,0,99.98910665153466,0.010893348465349992,34.286500000000004,0.0,2.0689655172413794,None
5816,69921.26054486468,49425.939455135325,86.4,0.0,99.9769478947733,0.023052105226694423,2083,655,0.46402346815879625,0.7777806719685927,1278.9555256323956,309.59500383943134,0.003580037966554388,0.0005648423926245303,3.580037966554388e-05,5.648423926245302e-06,0.0035796026310234543,0.0011952987929006063,0,0,99.98910665153466,0.010893348465349992,34.286500000000004,0.0,1.2708333333333333,None
5891,69941.21490964085,49405.985090359136,86.4,0.0,99.9769478947733,0.023052105226694423,2110,655,0.46402346815879625,0.7777806719685927,1291.484159272682,309.59500383943134,0.003580037966554388,0.0005648423926245303,3.580037966554388e-05,5.648423926245302e-06,0.0035796026310234543,0.0011952987929006063,0,0,99.98910665153466,0.010893348465349992,34.286500000000004,0.0,2.7777777777777777,None
6009,69952.1952628552,49395.0047371448,86.4,0.0,99.9769478947733,0.023052105226694423,2132,655,0.46402346815879625,0.7777806719685927,1301.6926755721747,309.59500383943134,0.003580037966554388,0.0005648423926245303,3.580037966554388e-05,5.648423926245302e-06,0.0035796026310234543,0.0011952987929006063,0,0,99.98910665153466,0.010893348465349992,34.286500000000004,0.0,5.363636363636363,None
6074,69961.01596535518,49386.18403464482,86.4,0.0,99.9769478947733,0.023052105226694423,2133,655,0.46402346815879625,0.7777806719685927,1302.1566990403335,309.59500383943134,0.003580037966554388,0.0005648423926245303,3.580037966554388e-05,5.648423926245302e-06,0.0035796026310234543,0.0011952987929006063,0,0,99.98910665153466,0.010893348465349992,34.286500000000004,0.0,65.0,None
6178,69961.41425146586,49385.78574853414,86.4,0.0,99.9769478947733,0.023052105226694423,2148,655,0.46402346815879625,0.7777806719685927,1309.1170510627148,309.59500383943134,0.003580037966554388,0.0005648423926245303,3.580037966554388e-05,5.648423926245302e-06,0.0035796026310234543,0.0011952987929006063,0,0,99.98910665153466,0.010893348465349992,34.286500000000004,0.0,6.933333333333334,None
6265,69967.361141474,49379.83885852601,86.4,0.0,100.0,0.0,2159,655,0.46402346815879625,0.7777806719685927,1314.2213092124612,309.59500383943134,0.003580037966554388,0.0005648423926245303,3.580037966554388e-05,5.648423926245302e-06,0.00358042799505244,0.0,0,0,100.0,0.0,34.286500000000004,0.0,7.909090909090909,None
6326,69974.45604507912,49372.74395492089,86.4,0.0,100.0,0.0,2159,655,0.46402346815879625,0.7777806719685927,1314.2213092124612,309.59500383943134,0.00358042799505244,0.0,3.58042799505244e-05,0.0,0.00358042799505244,0.0,0,0,100.0,0.0,34.286500000000004,0.0,None,None
6425,69974.45604507912,49372.74395492089,86.4,0.0,100.0,0.0,2194,655,0.21313996623561934,0.7777806719685927,1322.4338585364744,309.59500383943134,0.00358042799505244,0.0,3.58042799505244e-05,0.0,0.00164459850490447,0.0,0,0,100.0,0.0,34.286500000000004,0.0,2.8285714285714287,None
6489,69981.36384413765,49365.83615586235,86.4,0.0,100.0,0.0,2203,655,0.21313996623561934,0.7777806719685927,1324.3521182325942,309.59500383943134,0.00164459850490447,0.0,1.64459850490447e-05,0.0,0.00164459850490447,0.0,0,0,100.0,0.0,34.286500000000004,0.0,7.111111111111111,None
6550,69982.96734061187,49364.23265938814,86.4,0.0,100.0,0.0,2204,655,0.21313996623561934,0.7777806719685927,1324.5652581988297,309.59500383943134,0.00164459850490447,0.0,1.64459850490447e-05,0.0,0.00164459850490447,0.0,0,0,100.0,0.0,34.286500000000004,0.0,61.0,None
6647,69983.1452745084,49364.05472549162,86.4,0.0,100.0,0.0,2206,655,0.21313996623561934,0.7777806719685927,1324.9915381313008,309.59500383943134,0.00164459850490447,0.0,1.64459850490447e-05,0.0,0.00164459850490447,0.0,0,0,100.0,0.0,34.286500000000004,0.0,48.5,None
6768,69983.50100309256,49363.69899690746,86.4,0.0,100.0,0.0,2210,655,0.21313996623561934,0.7777806719685927,1325.844097996243,309.59500383943134,0.00164459850490447,0.0,1.64459850490447e-05,0.0,0.00164459850490447,0.0,0,0,100.0,0.0,34.286500000000004,0.0,30.25,None
6866,69984.21190393339,49362.98809606662,86.4,0.0,100.0,0.0,2221,655,0.21313996623561934,0.7777806719685927,1328.1886376248337,309.59500383943134,0.00164459850490447,0.0,1.64459850490447e-05,0.0,0.00164459850490447,0.0,0,0,100.0,0.0,34.286500000000004,0.0,8.909090909090908,None
6926,69986.1630649559,49361.03693504412,86.4,0.0,100.0,0.0,2260,655,0.21313996623561934,0.7777806719685927,1336.5010963080194,309.59500383943134,0.00164459850490447,0.0,1.64459850490447e-05,0.0,0.00164459850490447,0.0,0,0,100.0,0.0,34.286500000000004,0.0,1.5384615384615385,None
6987,69993.03603141748,49354.163968582536,86.4,0.0,100.0,0.0,2428,655,0.10096103663792495,0.7777806719685927,1358.6227812246843,309.59500383943134,0.00164459850490447,0.0,1.64459850490447e-05,0.0,0.0007790203444284332,0.0,0,0,100.0,0.0,34.286500000000004,0.0,0.3630952380952381,None
7047,70010.9931524281,49336.206847571906,86.4,0.0,100.0,0.0,2507,655,0.4038441465516998,0.7777806719685927,1383.86304038416,309.59500383943134,0.0007790203444284332,0.0,7.790203444284333e-06,0.0,0.003116081377713733,0.0,0,0,100.0,0.0,34.286500000000004,0.0,0.759493670886076,None
7107,70030.90873713268,49316.29126286733,86.4,0.0,100.0,0.0,2555,655,0.4038441465516998,0.7777806719685927,1403.2475594186365,309.59500383943134,0.003116081377713733,0.0,3.116081377713733e-05,0.0,0.003116081377713733,0.0,0,0,100.0,0.0,34.286500000000004,0.0,1.25,None
7167,70045.8054203348,49301.394579665204,86.4,0.0,100.0,0.0,2601,655,0.73149128432006,0.7777806719685927,1424.1179201243892,309.59500383943134,0.003116081377713733,0.0,3.116081377713733e-05,0.0,0.005644222872839968,0.0,0,0,100.0,0.0,34.286500000000004,0.0,1.3043478260869565,None
7228,70061.4715516318,49285.72844836821,86.4,0.0,100.0,0.0,2637,655,0.73149128432006,0.7777806719685927,1450.4516063599128,309.59500383943134,0.005644222872839968,0.0,5.644222872839968e-05,0.0,0.005644222872839968,0.0,0,0,100.0,0.0,34.286500000000004,0.0,1.6944444444444444,None
7289,70080.70852487285,49266.49147512715,86.4,0.0,100.0,0.0,2671,655,0.73149128432006,0.7777806719685927,1475.3223100267962,309.59500383943134,0.005644222872839968,0.0,5.644222872839968e-05,0.0,0.005644222872839968,0.0,0,0,100.0,0.0,34.286500000000004,0.0,1.7941176470588236,None
7350,70098.35557996601,49248.844420033995,86.4,0.0,100.0,0.0,2699,655,0.73149128432006,0.7777806719685927,1495.804065987759,309.59500383943134,0.005644222872839968,0.0,5.644222872839968e-05,0.0,0.005644222872839968,0.0,0,0,100.0,0.0,34.286500000000004,0.0,2.1785714285714284,None
7410,70112.52337647806,49234.676623521955,86.4,0.0,100.0,0.0,2731,655,0.73149128432006,0.7777806719685927,1519.2117870860022,309.59500383943134,0.005644222872839968,0.0,5.644222872839968e-05,0.0,0.005644222872839968,0.0,0,0,100.0,0.0,34.286500000000004,0.0,1.875,None
7471,70128.32655819923,49218.87344180077,86.4,0.0,100.0,0.0,2767,655,0.794979207110103,0.7777806719685927,1547.3866230824372,309.59500383943134,0.005644222872839968,0.0,5.644222872839968e-05,0.0,0.006134098820294003,0.0,0,0,100.0,0.0,34.286500000000004,0.0,1.6944444444444444,None
7531,70146.8197725775,49200.380227422516,86.4,0.0,100.0,0.0,2797,655,0.794979207110103,0.7777806719685927,1571.2359992957415,309.59500383943134,0.006134098820294003,0.0,6.134098820294003e-05,0.0,0.006134098820294003,0.0,0,0,100.0,0.0,34.286500000000004,0.0,2.0,None
7608,70162.04087409863,49185.15912590139,86.4,0.0,100.0,0.0,2809,655,0.794979207110103,0.7777806719685927,1580.7757497810633,309.59500383943134,0.006134098820294003,0.0,6.134098820294003e-05,0.0,0.006134098820294003,0.0,0,0,100.0,0.0,34.286500000000004,0.0,6.416666666666667,None
7674,70168.02177616498,49179.178223835035,86.4,0.0,100.0,0.0,2815,655,0.794979207110103,0.7777806719685927,1585.5456250237241,309.59500383943134,0.006134098820294003,0.0,6.134098820294003e-05,0.0,0.006134098820294003,0.0,0,0,100.0,0.0,34.286500000000004,0.0,11.0,None
7734,70170.98964721944,49176.21035278057,86.4,0.0,100.0,0.0,2837,655,0.794979207110103,0.7777806719685927,1603.0351675801473,309.59500383943134,0.006134098820294003,0.0,6.134098820294003e-05,0.0,0.006134098820294003,0.0,0,0,100.0,0.0,34.286500000000004,0.0,2.727272727272727,None
7826,70181.74519281715,49165.454807182854,86.4,0.0,100.0,0.0,2858,656,0.794979207110103,0.7777806719685927,1619.7297309294604,310.3727845113999,0.006134098820294003,0.0,6.134098820294003e-05,0.0,0.006134098820294003,0.0,0,0,100.0,0.0,34.286500000000004,0.0,4.380952380952381,92.0
7887,70189.39411632047,49157.80588367953,86.4,0.0,100.0,0.0,2896,656,0.5087866925504659,0.7777806719685927,1645.9322455958113,310.3727845113999,0.006134098820294003,0.0,6.134098820294003e-05,0.0,0.003925823244988162,0.0,0,0,100.0,0.0,34.286500000000004,0.0,1.605263157894737,None
7948,70204.90162930083,49142.29837069919,86.4,0.0,100.0,0.0,2940,656,0.5087866925504659,0.7777806719685927,1668.3188600680346,310.3727845113999,0.003925823244988162,0.0,3.925823244988162e-05,0.0,0.003925823244988162,0.0,0,0,100.0,0.0,34.286500000000004,0.0,1.3863636363636365,None
8008,70217.82541826367,49129.37458173633,86.4,0.0,100.0,0.0,2976,656,0.5087866925504659,0.7777806719685927,1686.6351809998537,310.3727845113999,0.003925823244988162,0.0,3.925823244988162e-05,0.0,0.003925823244988162,0.0,0,0,100.0,0.0,34.286500000000004,0.0,1.6666666666666667,None
8203,70228.1839083892,49119.01609161082,86.4,0.0,100.0,0.0,3005,656,0.5087866925504659,0.7777806719685927,1700.8812083912685,310.3727845113999,0.003925823244988162,0.0,3.925823244988162e-05,0.0,0.003925823244988162,0.0,0,0,100.0,0.0,34.286500000000004,0.0,6.724137931034483,None
8265,70236.11007482505,49111.08992517497,86.4,0.0,100.0,0.0,3006,656,0.5087866925504659,0.7777806719685927,1701.389995083819,310.3727845113999,0.003925823244988162,0.0,3.925823244988162e-05,0.0,0.003925823244988162,0.0,0,0,100.0,0.0,34.286500000000004,0.0,62.0,None
8325,70236.39107603149,49110.80892396852,86.4,0.0,100.0,0.0,3045,656,0.33002380057327524,0.7777806719685927,1718.0149440377008,310.3727845113999,0.003925823244988162,0.0,3.925823244988162e-05,0.0,0.0025464799426950244,0.0,0,0,100.0,0.0,34.286500000000004,0.0,1.5384615384615385,None
8386,70245.4954210236,49101.7045789764,86.4,0.0,100.0,0.0,3101,656,0.33002380057327524,0.7777806719685927,1736.4962768698097,310.3727845113999,0.0025464799426950244,0.0,2.5464799426950245e-05,0.0,0.0025464799426950244,0.0,0,0,100.0,0.0,34.286500000000004,0.0,1.0892857142857142,None
8447,70255.44279352088,49091.757206479124,86.4,0.0,100.0,0.0,3173,656,0.7255485081305594,0.7777806719685927,1761.0490399262067,310.3727845113999,0.0025464799426950244,0.0,2.5464799426950245e-05,0.0,0.005598368118291353,0.0,0,0,100.0,0.0,34.286500000000004,0.0,0.8472222222222222,None
8507,70268.38349719098,49078.81650280904,86.4,0.0,100.0,0.0,3210,656,0.7255485081305594,0.7777806719685927,1787.8943347270347,310.3727845113999,0.005598368118291353,0.0,5.5983681182913525e-05,0.0,0.005598368118291353,0.0,0,0,100.0,0.0,34.286500000000004,0.0,1.6216216216216217,None
8592,70282.18590909,49065.01409091,86.4,0.0,100.0,0.0,3218,656,0.7255485081305594,0.7777806719685927,1793.6987227920786,310.3727845113999,0.005598368118291353,0.0,5.5983681182913525e-05,0.0,0.005598368118291353,0.0,0,0,100.0,0.0,34.286500000000004,0.0,10.625,None
8652,70285.12390575833,49062.07609424168,86.4,0.0,100.0,0.0,3231,656,0.7255485081305594,0.7777806719685927,1803.130853397775,310.3727845113999,0.005598368118291353,0.0,5.5983681182913525e-05,0.0,0.005598368118291353,0.0,0,0,100.0,0.0,34.286500000000004,0.0,4.615384615384615,None
8713,70289.8637322031,49057.33626779691,86.4,0.0,100.0,0.0,3249,656,0.7255485081305594,0.7777806719685927,1816.1907265441237,310.3727845113999,0.005598368118291353,0.0,5.5983681182913525e-05,0.0,0.005598368118291353,0.0,0,0,100.0,0.0,34.286500000000004,0.0,3.388888888888889,None
8773,70296.35715572827,49050.84284427174,86.4,0.0,100.0,0.0,3254,656,0.7255485081305594,0.7777806719685927,1819.818469084776,310.3727845113999,0.005598368118291353,0.0,5.5983681182913525e-05,0.0,0.005598368118291353,0.0,0,0,100.0,0.0,34.286500000000004,0.0,12.0,None
8834,70298.14675433039,49049.05324566962,86.4,0.0,100.0,0.0,3276,656,0.7255485081305594,0.7777806719685927,1835.7805362636468,310.3727845113999,0.005598368118291353,0.0,5.5983681182913525e-05,0.0,0.005598368118291353,0.0,0,0,100.0,0.0,34.286500000000004,0.0,2.772727272727273,None
8894,70305.94911319242,49041.2508868076,86.4,0.0,100.0,0.0,3307,656,0.7255485081305594,0.7777806719685927,1858.272540015692,310.3727845113999,0.005598368118291353,0.0,5.5983681182913525e-05,0.0,0.005598368118291353,0.0,0,0,100.0,0.0,34.286500000000004,0.0,1.935483870967742,None
8955,70316.74839815986,49030.45160184015,86.4,0.0,100.0,0.0,3353,656,0.4493719792292497,0.7777806719685927,1881.1530632914464,310.3727845113999,0.005598368118291353,0.0,5.5983681182913525e-05,0.0,0.003467376382941741,0.0,0,0,100.0,0.0,34.286500000000004,0.0,1.326086956521739,None
9025,70327.50677998962,49019.69322001039,86.4,0.0,100.0,0.0,3406,656,0.4493719792292497,0.7777806719685927,1904.9697781905954,310.3727845113999,0.003467376382941741,0.0,3.467376382941741e-05,0.0,0.003467376382941741,0.0,0,0,100.0,0.0,34.286500000000004,0.0,1.320754716981132,None
9095,70338.46930249718,49008.730697502826,86.4,0.0,100.0,0.0,3452,656,0.4493719792292497,0.7777806719685927,1925.6408892351399,310.3727845113999,0.003467376382941741,0.0,3.467376382941741e-05,0.0,0.003467376382941741,0.0,0,0,100.0,0.0,34.286500000000004,0.0,1.5217391304347827,None
9156,70347.79464093626,48999.40535906374,86.4,0.0,100.0,0.0,3482,656,0.6252131884928691,0.7777806719685927,1943.166396425079,310.3727845113999,0.003467376382941741,0.0,3.467376382941741e-05,0.0,0.004824175837136335,0.0,0,0,100.0,0.0,34.286500000000004,0.0,2.033333333333333,None
9224,70355.56689799491,48991.6331020051,86.4,0.0,100.0,0.0,3497,656,0.6252131884928691,0.7777806719685927,1952.5445942524711,310.3727845113999,0.004824175837136335,0.0,4.824175837136335e-05,0.0,0.004824175837136335,0.0,0,0,100.0,0.0,34.286500000000004,0.0,4.533333333333333,None
9284,70359.67651838584,48987.52348161416,86.4,0.0,100.0,0.0,3538,656,0.6252131884928691,0.7777806719685927,1978.1783349806763,310.3727845113999,0.004824175837136335,0.0,4.824175837136335e-05,0.0,0.004824175837136335,0.0,0,0,100.0,0.0,34.286500000000004,0.0,1.4634146341463414,None
9344,70370.73763066564,48976.46236933438,86.4,0.0,100.0,0.0,3549,656,0.6252131884928691,0.7777806719685927,1985.0556800540971,310.3727845113999,0.004824175837136335,0.0,4.824175837136335e-05,0.0,0.004824175837136335,0.0,0,0,100.0,0.0,34.286500000000004,0.0,5.454545454545454,None
9404,70373.66321461163,48973.53678538838,86.4,0.0,100.0,0.0,3554,656,0.6252131884928691,0.7777806719685927,1988.1817459965612,310.3727845113999,0.004824175837136335,0.0,4.824175837136335e-05,0.0,0.004824175837136335,0.0,0,0,100.0,0.0,34.286500000000004,0.0,12.0,None
9465,70374.98723810037,48972.21276189964,86.4,0.0,100.0,0.0,3584,656,0.6252131884928691,0.7777806719685927,2006.9381416513454,310.3727845113999,0.004824175837136335,0.0,4.824175837136335e-05,0.0,0.004824175837136335,0.0,0,0,100.0,0.0,34.286500000000004,0.0,2.033333333333333,None
9525,70382.85636218594,48964.34363781408,86.4,0.0,100.0,0.0,3621,656,0.47888669756900615,0.7777806719685927,2027.4371527889489,310.3727845113999,0.004824175837136335,0.0,4.824175837136335e-05,0.0,0.003695113407168257,0.0,0,0,100.0,0.0,34.286500000000004,0.0,1.6216216216216217,None
9597,70391.31217831394,48955.887821686076,86.4,0.0,100.0,0.0,3666,656,0.47888669756900615,0.7777806719685927,2048.98705417955,310.3727845113999,0.003695113407168257,0.0,3.695113407168257e-05,0.0,0.003695113407168257,0.0,0,0,100.0,0.0,34.286500000000004,0.0,1.6,None
9669,70400.04305859764,48947.15694140236,86.4,0.0,100.0,0.0,3698,656,0.47888669756900615,0.7777806719685927,2064.311428501762,310.3727845113999,0.003695113407168257,0.0,3.695113407168257e-05,0.0,0.003695113407168257,0.0,0,0,100.0,0.0,34.286500000000004,0.0,2.25,None
9730,70406.15527656431,48941.04472343569,86.4,0.0,100.0,0.0,3738,656,0.47888669756900615,0.7777806719685927,2083.466896404527,310.3727845113999,0.003695113407168257,0.0,3.695113407168257e-05,0.0,0.003695113407168257,0.0,0,0,100.0,0.0,34.286500000000004,0.0,1.525,None
9790,70413.68550180811,48933.5144981919,86.4,0.0,100.0,0.0,3780,656,0.547299082936007,0.7777806719685927,2105.8377464195437,310.3727845113999,0.003695113407168257,0.0,3.695113407168257e-05,0.0,0.004222986751049436,0.0,0,0,100.0,0.0,34.286500000000004,0.0,1.4285714285714286,None
9852,70422.3285867374,48924.871413262605,86.4,0.0,100.0,0.0,3827,656,0.547299082936007,0.7777806719685927,2131.5608033175454,310.3727845113999,0.004222986751049436,0.0,4.222986751049436e-05,0.0,0.004222986751049436,0.0,0,0,100.0,0.0,34.286500000000004,0.0,1.3191489361702127,None
9913,70432.07107936917,48915.128920630836,86.4,0.0,100.0,0.0,3866,656,0.547299082936007,0.7777806719685927,2152.9054675520574,310.3727845113999,0.004222986751049436,0.0,4.222986751049436e-05,0.0,0.004222986751049436,0.0,0,0,100.0,0.0,34.286500000000004,0.0,1.564102564102564,None
9973,70440.00080453351,48907.1991954665,86.4,0.0,100.0,0.0,3908,656,0.7841897307739802,0.7777806719685927,2179.91917004862,310.3727845113999,0.004222986751049436,0.0,4.222986751049436e-05,0.0,0.006050846688070834,0.0,0,0,100.0,0.0,34.286500000000004,0.0,1.4285714285714286,None
10034,70449.84174271209,48897.35825728791,86.4,0.0,100.0,0.0,3941,656,0.7841897307739802,0.7777806719685927,2205.7974311641606,310.3727845113999,0.006050846688070834,0.0,6.050846688070834e-05,0.0,0.006050846688070834,0.0,0,0,100.0,0.0,34.286500000000004,0.0,1.8484848484848484,None
10138,70459.07087639773,48888.12912360228,86.4,0.0,100.0,0.0,3957,656,0.7841897307739802,0.7777806719685927,2218.344466856544,310.3727845113999,0.006050846688070834,0.0,6.050846688070834e-05,0.0,0.006050846688070834,0.0,0,0,100.0,0.0,34.286500000000004,0.0,6.5,None
10198,70463.47761179184,48883.72238820817,86.4,0.0,100.0,0.0,3974,656,0.7841897307739802,0.7777806719685927,2231.6756922797013,310.3727845113999,0.006050846688070834,0.0,6.050846688070834e-05,0.0,0.006050846688070834,0.0,0,0,100.0,0.0,34.286500000000004,0.0,3.5294117647058822,None
10259,70468.11210341395,48879.08789658606,86.4,0.0,100.0,0.0,4000,656,0.7841897307739802,0.7777806719685927,2252.064625279824,310.3727845113999,0.006050846688070834,0.0,6.050846688070834e-05,0.0,0.006050846688070834,0.0,0,0,100.0,0.0,34.286500000000004,0.0,2.3461538461538463,None
10319,70475.10687493744,48872.09312506257,86.4,0.0,100.0,0.0,4011,656,0.7841897307739802,0.7777806719685927,2260.690712318338,310.3727845113999,0.006050846688070834,0.0,6.050846688070834e-05,0.0,0.006050846688070834,0.0,0,0,100.0,0.0,34.286500000000004,0.0,5.454545454545454,None
10380,70478.0328046983,48869.1671953017,86.4,0.0,100.0,0.0,4042,656,0.531403864618603,0.7777806719685927,2283.2310929092446,310.3727845113999,0.006050846688070834,0.0,6.050846688070834e-05,0.0,0.004100338461563295,0.0,0,0,100.0,0.0,34.286500000000004,0.0,1.967741935483871,None
10440,70485.58652543022,48861.61347456979,86.4,0.0,100.0,0.0,4088,656,0.531403864618603,0.7777806719685927,2307.6756706817105,310.3727845113999,0.004100338461563295,0.0,4.100338461563295e-05,0.0,0.004100338461563295,0.0,0,0,100.0,0.0,34.286500000000004,0.0,1.3043478260869565,None
10500,70493.6313641524,48853.568635847594,86.4,0.0,100.0,0.0,4100,656,0.531403864618603,0.7777806719685927,2314.0525170571364,310.3727845113999,0.004100338461563295,0.0,4.100338461563295e-05,0.0,0.004100338461563295,0.0,0,0,100.0,0.0,34.286500000000004,0.0,5.0,None
10561,70495.70537100581,48851.4946289942,86.4,0.0,100.0,0.0,4143,656,0.531403864618603,0.7777806719685927,2336.902883235746,310.3727845113999,0.004100338461563295,0.0,4.100338461563295e-05,0.0,0.004100338461563295,0.0,0,0,100.0,0.0,34.286500000000004,0.0,1.4186046511627908,None
10633,70503.05517756683,48844.144822433176,86.4,0.0,100.0,0.0,4184,656,0.6246706653475823,0.7777806719685927,2359.1567756887603,310.3727845113999,0.004100338461563295,0.0,4.100338461563295e-05,0.0,0.004819989701756036,0.0,0,0,100.0,0.0,34.286500000000004,0.0,1.7560975609756098,None
10693,70510.09218827212,48837.107811727896,86.4,0.0,100.0,0.0,4225,656,0.6246706653475823,0.7777806719685927,2384.7682729680023,310.3727845113999,0.004819989701756036,0.0,4.819989701756036e-05,0.0,0.004819989701756036,0.0,0,0,100.0,0.0,34.286500000000004,0.0,1.4634146341463414,None
10754,70518.04709081163,48829.152909188386,86.4,0.0,100.0,0.0,4262,656,0.6246706653475823,0.7777806719685927,2407.881087585855,310.3727845113999,0.004819989701756036,0.0,4.819989701756036e-05,0.0,0.004819989701756036,0.0,0,0,100.0,0.0,34.286500000000004,0.0,1.6486486486486487,None
10817,70525.09722607554,48822.102773924475,86.4,0.0,100.0,0.0,4298,656,0.6246706653475823,0.7777806719685927,2430.36923153836,310.3727845113999,0.004819989701756036,0.0,4.819989701756036e-05,0.0,0.004819989701756036,0.0,0,0,100.0,0.0,34.286500000000004,0.0,1.75,None
10877,70531.84268603328,48815.35731396673,86.4,0.0,100.0,0.0,4326,656,0.746494405062671,0.7777806719685927,2448.225481387232,310.3727845113999,0.004819989701756036,0.0,4.819989701756036e-05,0.0,0.0057599876933848064,0.0,0,0,100.0,0.0,34.286500000000004,0.0,2.142857142857143,None
10937,70537.12044760308,48810.07955239692,86.4,0.0,100.0,0.0,4356,656,0.746494405062671,0.7777806719685927,2470.6203135391083,310.3727845113999,0.0057599876933848064,0.0,5.759987693384806e-05,0.0,0.0057599876933848064,0.0,0,0,100.0,0.0,34.286500000000004,0.0,2.0,None
10999,70543.64387105867,48803.55612894136,86.4,0.0,100.0,0.0,4390,656,0.746494405062671,0.7777806719685927,2496.001123311235,310.3727845113999,0.0057599876933848064,0.0,5.759987693384806e-05,0.0,0.0057599876933848064,0.0,0,0,100.0,0.0,34.286500000000004,0.0,1.8235294117647058,None
11059,70550.91122242372,48796.288777576294,86.4,0.0,100.0,0.0,4430,656,0.746494405062671,0.7777806719685927,2525.860899513737,310.3727845113999,0.0057599876933848064,0.0,5.759987693384806e-05,0.0,0.0057599876933848064,0.0,0,0,100.0,0.0,34.286500000000004,0.0,1.5,None
11120,70559.29452483809,48787.905475161926,86.4,0.0,100.0,0.0,4456,656,0.746494405062671,0.7777806719685927,2545.2697540453632,310.3727845113999,0.0057599876933848064,0.0,5.759987693384806e-05,0.0,0.0057599876933848064,0.0,0,0,100.0,0.0,34.286500000000004,0.0,2.3461538461538463,None
11181,70564.64965684274,48782.55034315727,86.4,0.0,100.0,0.0,4487,656,0.7517146456575149,0.7777806719685927,2568.5154854142024,310.3727845113999,0.0057599876933848064,0.0,5.759987693384806e-05,0.0,0.005800267327604281,0.0,0,0,100.0,0.0,34.286500000000004,0.0,1.967741935483871,None
11242,70570.96839982754,48776.23160017246,86.4,0.0,100.0,0.0,4522,656,0.7517146456575149,0.7777806719685927,2594.825498012217,310.3727845113999,0.005800267327604281,0.0,5.8002673276042805e-05,0.0,0.005800267327604281,0.0,0,0,100.0,0.0,34.286500000000004,0.0,1.7428571428571429,None
11304,70577.99809666524,48769.201903334775,86.4,0.0,100.0,0.0,4541,656,0.7517146456575149,0.7777806719685927,2609.1080762797105,310.3727845113999,0.005800267327604281,0.0,5.8002673276042805e-05,0.0,0.005800267327604281,0.0,0,0,100.0,0.0,34.286500000000004,0.0,3.263157894736842,None
11364,70581.76115828878,48765.43884171124,86.4,0.0,100.0,0.0,4576,656,0.7517146456575149,0.7777806719685927,2635.418088877725,310.3727845113999,0.005800267327604281,0.0,5.8002673276042805e-05,0.0,0.005800267327604281,0.0,0,0,100.0,0.0,34.286500000000004,0.0,1.7142857142857142,None
11436,70588.59759252121,48758.60240747881,86.4,0.0,100.0,0.0,4606,656,0.7517146456575149,0.7777806719685927,2657.9695282474518,310.3727845113999,0.005800267327604281,0.0,5.8002673276042805e-05,0.0,0.005800267327604281,0.0,0,0,100.0,0.0,34.286500000000004,0.0,2.4,None
11496,70594.3609359619,48752.83906403811,86.4,0.0,100.0,0.0,4626,656,0.7098157965552928,0.7777806719685927,2672.375338424067,310.3727845113999,0.005800267327604281,0.0,5.8002673276042805e-05,0.0,0.005476973738852567,0.0,0,0,100.0,0.0,34.286500000000004,0.0,3.0,None
11557,70597.996930757,48749.20306924301,86.4,0.0,100.0,0.0,4660,656,0.7098157965552928,0.7777806719685927,2696.509075506943,310.3727845113999,0.005476973738852567,0.0,5.476973738852567e-05,0.0,0.005476973738852567,0.0,0,0,100.0,0.0,34.286500000000004,0.0,1.7941176470588236,None
11657,70604.01015998799,48743.189840012026,86.4,0.0,100.0,0.0,4691,656,0.7098157965552928,0.7777806719685927,2718.5133652001537,310.3727845113999,0.005476973738852567,0.0,5.476973738852567e-05,0.0,0.005476973738852567,0.0,0,0,100.0,0.0,34.286500000000004,0.0,3.225806451612903,None
11717,70609.40929476175,48737.79070523826,86.4,0.0,100.0,0.0,4726,656,0.7098157965552928,0.7777806719685927,2743.356918079585,310.3727845113999,0.005476973738852567,0.0,5.476973738852567e-05,0.0,0.005476973738852567,0.0,0,0,100.0,0.0,34.286500000000004,0.0,1.7142857142857142,None
11778,70615.41157531198,48731.78842468803,86.4,0.0,100.0,0.0,4755,656,0.6194756042664373,0.7777806719685927,2763.941576179685,310.3727845113999,0.005476973738852567,0.0,5.476973738852567e-05,0.0,0.004779904353907695,0.0,0,0,100.0,0.0,34.286500000000004,0.0,2.103448275862069,None
11881,70620.3114042678,48726.888595732205,86.4,0.0,100.0,0.0,4767,656,0.6194756042664373,0.7777806719685927,2771.375283430882,310.3727845113999,0.004779904353907695,0.0,4.779904353907695e-05,0.0,0.004779904353907695,0.0,0,0,100.0,0.0,34.286500000000004,0.0,8.583333333333334,None
11941,70622.0647847862,48725.13521521381,86.4,0.0,100.0,0.0,4782,656,0.6194756042664373,0.7777806719685927,2780.6674174948785,310.3727845113999,0.004779904353907695,0.0,4.779904353907695e-05,0.0,0.004779904353907695,0.0,0,0,100.0,0.0,34.286500000000004,0.0,4.0,None
12003,70624.24465084873,48722.95534915128,86.4,0.0,100.0,0.0,4794,656,0.6194756042664373,0.7777806719685927,2788.1011247460756,310.3727845113999,0.004779904353907695,0.0,4.779904353907695e-05,0.0,0.004779904353907695,0.0,0,0,100.0,0.0,34.286500000000004,0.0,5.166666666666667,None
12064,70625.97913000804,48721.220869991965,86.4,0.0,100.0,0.0,4835,656,0.6194756042664373,0.7777806719685927,2813.499624520999,310.3727845113999,0.004779904353907695,0.0,4.779904353907695e-05,0.0,0.004779904353907695,0.0,0,0,100.0,0.0,34.286500000000004,0.0,1.4878048780487805,None
12128,70631.84298285017,48715.357017149836,86.4,0.0,100.0,0.0,4863,656,0.6194756042664373,0.7777806719685927,2830.844941440459,310.3727845113999,0.004779904353907695,0.0,4.779904353907695e-05,0.0,0.004779904353907695,0.0,0,0,100.0,0.0,34.286500000000004,0.0,2.2857142857142856,None
12189,70635.79307331049,48711.40692668954,86.4,0.0,100.0,0.0,4889,656,0.6194756042664373,0.7777806719685927,2846.951307151386,310.3727845113999,0.004779904353907695,0.0,4.779904353907695e-05,0.0,0.004779904353907695,0.0,0,0,100.0,0.0,34.286500000000004,0.0,2.3461538461538463,None
12271,70639.42215280878,48707.77784719123,86.4,0.0,100.0,0.0,4903,656,0.4158717343327132,0.7777806719685927,2854.8095501313805,310.3727845113999,0.004779904353907695,0.0,4.779904353907695e-05,0.0,0.003208886838986984,0.0,0,0,100.0,0.0,34.286500000000004,0.0,5.857142857142857,None
12331,70641.17936288739,48706.02063711262,86.4,0.0,100.0,0.0,4914,657,0.4158717343327132,0.7777806719685927,2859.3841392090385,310.3727845113999,0.003208886838986984,0.0,3.208886838986984e-05,0.0,0.003208886838986984,0.0,0,0,100.0,0.0,34.286500000000004,0.0,5.454545454545454,60.0
12416,70642.19829095439,48705.00170904562,86.4,0.0,100.0,0.0,4917,657,0.4158717343327132,0.7777806719685927,2860.631754412036,310.3727845113999,0.003208886838986984,0.0,3.208886838986984e-05,0.0,0.003208886838986984,0.0,0,0,100.0,0.0,34.286500000000004,0.0,28.333333333333332,None
12573,70642.47567020111,48704.7243297989,86.4,0.0,100.0,0.0,4927,657,0.4158717343327132,0.7777806719685927,2864.374600021029,310.3727845113999,0.003208886838986984,0.0,3.208886838986984e-05,0.0,0.003208886838986984,0.0,0,0,100.0,0.0,34.286500000000004,0.0,15.7,None
12646,70643.30649988419,48703.89350011582,86.4,0.0,100.0,0.0,4928,657,0.4158717343327132,0.7777806719685927,2864.7904717553615,310.3727845113999,0.003208886838986984,0.0,3.208886838986984e-05,0.0,0.003208886838986984,0.0,0,0,100.0,0.0,34.286500000000004,0.0,73.0,None
12710,70643.39869338325,48703.80130661676,86.4,0.0,100.0,0.0,4934,657,0.4158717343327132,0.7777806719685927,2867.2857021613568,310.3727845113999,0.003208886838986984,0.0,3.208886838986984e-05,0.0,0.003208886838986984,0.0,0,0,100.0,0.0,34.286500000000004,0.0,10.666666666666666,None
12771,70643.95134761825,48703.248652381764,86.4,0.0,100.0,0.0,4966,657,0.4158717343327132,0.7777806719685927,2880.593597659998,310.3727845113999,0.003208886838986984,0.0,3.208886838986984e-05,0.0,0.003208886838986984,0.0,0,0,100.0,0.0,34.286500000000004,0.0,1.90625,None
12832,70646.88423955586,48700.31576044415,86.4,0.0,100.0,0.0,5010,657,0.4158717343327132,0.7777806719685927,2898.89195397063,310.3727845113999,0.003208886838986984,0.0,3.208886838986984e-05,0.0,0.003208886838986984,0.0,0,0,100.0,0.0,34.286500000000004,0.0,1.3863636363636365,None
12892,70650.8772499052,48696.32275009481,86.4,0.0,100.0,0.0,5075,657,0.18065016514000212,0.7777806719685927,2918.631748057274,310.3727845113999,0.003208886838986984,0.0,3.208886838986984e-05,0.0,0.0013939055952160654,0.0,0,0,100.0,0.0,34.286500000000004,0.0,0.9230769230769231,None
12953,70655.1340626678,48692.065937332205,86.4,0.0,100.0,0.0,5113,658,0.18065016514000212,0.7777806719685927,2925.496454332591,311.1505651833685,0.0013939055952160654,0.0,1.3939055952160655e-05,0.0,0.0013939055952160654,0.0,0,0,100.0,0.0,34.286500000000004,0.0,1.605263157894737,61.0
13000,70655.03800154543,48692.16199845459,86.4,0.0,100.0,0.0,5200,658,0.42997725256463315,0.7777806719685927,2944.204943748861,311.1505651833685,0.0013939055952160654,0.0,1.3939055952160655e-05,0.0,0.0033177257142332803,0.0,0,0,100.0,0.0,34.286500000000004,0.0,0.5402298850574713,None
