timestamps,v27_price,v26_price,v27_hashrate,v26_hashrate,v27_economic,v26_economic,v27_blocks,v26_blocks,v27_difficulty,v26_difficulty,v27_chainwork,v26_chainwork,v27_fee_rate,v26_fee_rate,v27_fee_revenue_btc,v26_fee_revenue_btc,v27_congestion,v26_congestion,v27_mempool_mb,v26_mempool_mb,v27_transactional,v26_transactional,v27_solo_hashrate,v26_solo_hashrate,v27_block_time_s,v26_block_time_s
0,60000,60000,38.099999999999994,48.3,56.737060138721,43.262939861279,0,0,1.0,1.0,0.0,0.0,1.0,1.0,0.01,0.01,0.00992774455620665,0.005971420270707937,0,0,56.74589100306744,43.25410899693257,4.845,15.129999999999999,None,None
60,60000,60000,38.099999999999994,48.3,56.737060138721,43.262939861279,9,16,1.0,1.0,9.0,16.0,1.0,1.0,0.01,0.01,0.00992774455620665,0.005971420270707937,0,0,56.74589100306744,43.25410899693257,4.845,15.129999999999999,6.666666666666667,3.75
121,59229.247216646516,60117.95278335349,38.099999999999994,48.3,56.737060138721,43.262939861279,19,27,1.0,1.0,19.0,27.0,0.009929289764316264,0.005970201379838864,9.929289764316264e-05,5.9702013798388646e-05,0.00992774455620665,0.005971420270707937,0,0,56.74589100306744,43.25410899693257,4.845,15.129999999999999,6.1,5.545454545454546
181,59611.16026012478,59736.039739875225,38.099999999999994,48.3,56.737060138721,43.262939861279,28,38,1.0,1.0,28.0,38.0,0.009929289764316264,0.005970201379838864,9.929289764316264e-05,5.9702013798388646e-05,0.00992774455620665,0.005971420270707937,0,0,56.74589100306744,43.25410899693257,4.845,15.129999999999999,6.666666666666667,5.454545454545454
241,59691.79267119197,59655.407328808025,38.099999999999994,48.3,56.737060138721,43.262939861279,41,49,1.0,1.0,41.0,49.0,0.009929289764316264,0.005970201379838864,9.929289764316264e-05,5.9702013798388646e-05,0.00992774455620665,0.005971420270707937,0,0,56.74589100306744,43.25410899693257,4.845,15.129999999999999,4.615384615384615,5.454545454545454
302,59917.247216646516,59429.95278335348,38.099999999999994,48.3,56.737060138721,43.262939861279,52,63,1.0,1.0,52.0,63.0,0.009929289764316264,0.005970201379838864,9.929289764316264e-05,5.9702013798388646e-05,0.00992774455620665,0.005971420270707937,0,0,56.74589100306744,43.25410899693257,4.845,15.129999999999999,5.545454545454546,4.357142857142857
362,59892.899390559556,59454.30060944043,38.099999999999994,48.3,56.737060138721,43.262939861279,62,77,1.0,1.0,62.0,77.0,0.009929289764316264,0.005970201379838864,9.929289764316264e-05,5.9702013798388646e-05,0.00992774455620665,0.005971420270707937,0,0,56.74589100306744,43.25410899693257,4.845,15.129999999999999,6.0,4.285714285714286
423,59848.75800801343,59498.441991986576,38.099999999999994,48.3,56.737060138721,43.262939861279,76,89,1.0,1.0,76.0,89.0,0.009929289764316264,0.005970201379838864,9.929289764316264e-05,5.9702013798388646e-05,0.00992774455620665,0.005971420270707937,0,0,56.74589100306744,43.25410899693257,4.845,15.129999999999999,4.357142857142857,5.083333333333333
499,59953.61085301016,59393.58914698985,38.099999999999994,48.3,56.737060138721,43.262939861279,77,91,1.0,1.0,76.0,91.0,0.009929289764316264,0.005970201379838864,9.929289764316264e-05,5.9702013798388646e-05,0.00992774455620665,0.005971420270707937,0,0,56.74589100306744,43.25410899693257,4.845,15.129999999999999,76.0,38.0
559,59913.89392323334,59433.30607676666,38.099999999999994,48.3,56.737060138721,43.262939861279,87,108,1.0,1.0,86.0,108.0,0.009929289764316264,0.005970201379838864,9.929289764316264e-05,5.9702013798388646e-05,0.00992774455620665,0.005971420270707937,0,0,56.74589100306744,43.25410899693257,4.845,15.129999999999999,6.0,3.5294117647058822
619,59828.999793966104,59518.2002060339,17.4,69.0,56.737060138721,43.262939861279,100,126,1.0,1.0,99.0,126.0,0.009929289764316264,0.005970201379838864,9.929289764316264e-05,5.9702013798388646e-05,0.021738337217900767,0.004179994189495557,0,0,56.74589100306744,43.25410899693257,4.845,15.129999999999999,4.615384615384615,3.3333333333333335
680,58811.64721664652,60535.55278335348,17.4,69.0,56.737060138721,43.262939861279,108,146,1.0,1.0,107.0,146.0,0.021741720690830437,0.004179140965887206,0.00021741720690830437,4.179140965887205e-05,0.021738337217900767,0.004179994189495557,0,0,56.74589100306744,43.25410899693257,4.845,15.129999999999999,7.625,3.05
740,58688.70650518408,60658.49349481594,17.4,69.0,56.737060138721,43.262939861279,113,163,1.0,1.0,112.0,163.0,0.021741720690830437,0.004179140965887206,0.00021741720690830437,4.179140965887205e-05,0.021738337217900767,0.004179994189495557,0,0,56.74589100306744,43.25410899693257,4.845,15.129999999999999,12.0,3.5294117647058822
800,58576.01085301016,60771.18914698985,17.4,69.0,56.737060138721,43.262939861279,118,176,1.0,1.0,116.0,176.0,0.021741720690830437,0.004179140965887206,0.00021741720690830437,4.179140965887205e-05,0.021738337217900767,0.004179994189495557,0,0,56.74589100306744,43.25410899693257,4.845,15.129999999999999,12.0,4.615384615384615
861,58503.92118924927,60843.278810750744,17.4,69.0,56.737060138721,43.262939861279,122,185,1.0,1.0,119.0,185.0,0.021741720690830437,0.004179140965887206,0.00021741720690830437,4.179140965887205e-05,0.021738337217900767,0.004179994189495557,0,0,56.74589100306744,43.25410899693257,4.845,15.129999999999999,15.25,6.777777777777778
922,58462.068269278105,60885.13173072191,17.4,69.0,56.737060138721,43.262939861279,127,200,1.0,1.0,124.0,200.0,0.021741720690830437,0.004179140965887206,0.00021741720690830437,4.179140965887205e-05,0.021738337217900767,0.004179994189495557,0,0,56.74589100306744,43.25410899693257,4.845,15.129999999999999,12.2,4.066666666666666
982,58399.20277220208,60947.99722779792,17.4,69.0,56.737060138721,43.262939861279,132,219,1.0,1.0,129.0,219.0,0.021741720690830437,0.004179140965887206,0.00021741720690830437,4.179140965887205e-05,0.021738337217900767,0.004179994189495557,0,0,56.74589100306744,43.25410899693257,4.845,15.129999999999999,12.0,3.1578947368421053
1043,58312.61273388791,61034.5872661121,17.4,69.0,56.737060138721,43.262939861279,136,238,1.0,1.0,133.0,238.0,0.021741720690830437,0.004179140965887206,0.00021741720690830437,4.179140965887205e-05,0.021738337217900767,0.004179994189495557,0,0,56.74589100306744,43.25410899693257,4.845,15.129999999999999,15.25,3.210526315789474
1103,58224.77929211822,61122.42070788178,17.4,69.0,56.737060138721,43.262939861279,141,256,1.0,1.0,138.0,256.0,0.021741720690830437,0.004179140965887206,0.00021741720690830437,4.179140965887205e-05,0.021738337217900767,0.004179994189495557,0,0,56.74589100306744,43.25410899693257,4.845,15.129999999999999,12.0,3.3333333333333335
1163,58165.47462781403,61181.72537218597,17.4,69.0,56.737060138721,43.262939861279,147,270,1.0,1.0,144.0,270.0,0.021741720690830437,0.004179140965887206,0.00021741720690830437,4.179140965887205e-05,0.021738337217900767,0.004179994189495557,0,0,56.74589100306744,43.25410899693257,4.845,15.129999999999999,10.0,4.285714285714286
1224,58147.99504273348,61199.20495726653,5.8,80.6,56.737060138721,43.262939861279,157,287,1.0,1.0,154.0,287.0,0.021741720690830437,0.004179140965887206,0.00021741720690830437,4.179140965887205e-05,0.0652150116537023,0.003578406936416792,0,0,56.74589100306744,43.25410899693257,4.845,15.129999999999999,6.1,3.588235294117647
1284,57601.13293093223,61746.06706906777,5.8,80.6,56.737060138721,43.262939861279,158,312,1.0,1.0,154.0,312.0,0.06522516207249132,0.003577676509258278,0.0006522516207249133,3.5776765092582785e-05,0.0652150116537023,0.003578406936416792,0,0,56.74589100306744,43.25410899693257,4.845,15.129999999999999,60.0,2.4
1345,57466.24635827742,61880.95364172258,5.8,80.6,56.737060138721,43.262939861279,159,328,1.0,1.0,155.0,328.0,0.06522516207249132,0.003577676509258278,0.0006522516207249133,3.5776765092582785e-05,0.0652150116537023,0.003578406936416792,0,0,56.74589100306744,43.25410899693257,4.845,15.129999999999999,61.0,3.8125
1421,57397.4062228577,61949.7937771423,5.8,80.6,56.737060138721,43.262939861279,159,332,1.0,1.0,155.0,332.0,0.06522516207249132,0.003577676509258278,0.0006522516207249133,3.5776765092582785e-05,0.0652150116537023,0.003578406936416792,0,0,56.74589100306744,43.25410899693257,4.845,15.129999999999999,None,19.0
1481,57378.42832547609,61968.7716745239,5.8,80.6,56.737060138721,43.262939861279,160,343,1.0,1.0,156.0,343.0,0.06522516207249132,0.003577676509258278,0.0006522516207249133,3.5776765092582785e-05,0.0652150116537023,0.003578406936416792,0,0,56.74589100306744,43.25410899693257,4.845,15.129999999999999,60.0,5.454545454545454
1542,57337.74902025374,62009.45097974627,5.8,80.6,56.737060138721,43.262939861279,160,368,1.0,1.0,156.0,368.0,0.06522516207249132,0.003577676509258278,0.0006522516207249133,3.5776765092582785e-05,0.0652150116537023,0.003578406936416792,0,0,56.74589100306744,43.25410899693257,4.845,15.129999999999999,None,2.44
1602,57230.3586670282,62116.8413329718,5.8,80.6,56.737060138721,43.262939861279,162,385,1.0,1.0,158.0,385.0,0.06522516207249132,0.003577676509258278,0.0006522516207249133,3.5776765092582785e-05,0.0652150116537023,0.003578406936416792,0,0,56.74589100306744,43.25410899693257,4.845,15.129999999999999,30.0,3.5294117647058822
1663,57181.87484095591,62165.325159044085,5.8,80.6,56.737060138721,43.262939861279,164,408,1.0,1.0,160.0,408.0,0.06522516207249132,0.003577676509258278,0.0006522516207249133,3.5776765092582785e-05,0.0652150116537023,0.003578406936416792,0,0,56.74589100306744,43.25410899693257,4.845,15.129999999999999,30.5,2.652173913043478
1750,57115.016230731024,62232.183769268966,5.8,80.6,56.737060138721,43.262939861279,165,416,1.0,1.0,161.0,416.0,0.06522516207249132,0.003577676509258278,0.0006522516207249133,3.5776765092582785e-05,0.0652150116537023,0.003578406936416792,0,0,56.74589100306744,43.25410899693257,4.845,15.129999999999999,87.0,10.875
1824,57095.8593483623,62251.34065163771,5.8,80.6,56.737060138721,43.262939861279,167,416,1.0,1.0,163.0,416.0,0.06522516207249132,0.003577676509258278,0.0006522516207249133,3.5776765092582785e-05,0.0652150116537023,0.003578406936416792,0,0,56.74589100306744,43.25410899693257,4.845,15.129999999999999,37.0,None
1885,57113.79022182786,62233.40977817214,0.0,86.39999999999999,56.737060138721,43.262939861279,167,435,1.0,1.0,163.0,435.0,0.06522516207249132,0.003577676509258278,0.0006522516207249133,3.5776765092582785e-05,3.782470675914733,0.0033381898041110352,0,0,56.74589100306744,43.25410899693257,4.845,15.129999999999999,None,3.210526315789474
1945,56770.98902266659,62576.210977333416,0.0,86.39999999999999,56.737060138721,43.262939861279,167,467,1.0,1.0,163.0,467.0,3.7830594002044955,0.0033375084102571437,0.03783059400204496,3.3375084102571436e-05,3.782470675914733,0.0033381898041110352,27.830594002044954,0,56.74589100306744,43.25410899693257,4.845,15.129999999999999,None,1.875
2005,56671.30435950366,62675.89564049635,0.0,86.39999999999999,56.737060138721,43.262939861279,167,499,1.0,1.0,163.0,499.0,3.7830594002044955,0.0033375084102571437,0.03783059400204496,3.3375084102571436e-05,3.782470675914733,0.0033381898041110352,27.830594002044954,0,56.74589100306744,43.25410899693257,4.845,15.129999999999999,None,1.875
2066,56581.25688432024,62765.94311567976,0.0,86.39999999999999,56.737060138721,43.262939861279,167,527,1.0,1.0,163.0,527.0,3.7830594002044955,0.0033375084102571437,0.03783059400204496,3.3375084102571436e-05,3.782470675914733,0.0033381898041110352,27.830594002044954,0,56.74589100306744,43.25410899693257,4.845,15.129999999999999,None,2.1785714285714284
2126,56509.31678186391,62837.883218136085,0.0,86.39999999999999,56.737060138721,43.262939861279,167,548,1.0,1.0,163.0,548.0,3.7830594002044955,0.0033375084102571437,0.03783059400204496,3.3375084102571436e-05,3.782470675914733,0.0033381898041110352,27.830594002044954,0,56.74589100306744,43.25410899693257,4.845,15.129999999999999,None,2.857142857142857
2187,56459.08012803893,62888.11987196108,0.0,86.39999999999999,56.737060138721,43.262939861279,167,575,1.0,1.0,163.0,575.0,3.7830594002044955,0.0033375084102571437,0.03783059400204496,3.3375084102571436e-05,3.782470675914733,0.0033381898041110352,27.830594002044954,0,56.74589100306744,43.25410899693257,4.845,15.129999999999999,None,2.259259259259259
2290,56398.691119085546,62948.50888091446,0.0,86.39999999999999,56.737060138721,43.262939861279,167,585,1.0,1.0,163.0,585.0,3.7830594002044955,0.0033375084102571437,0.03783059400204496,3.3375084102571436e-05,3.782470675914733,0.0033381898041110352,27.830594002044954,0,56.74589100306744,43.25410899693257,4.845,15.129999999999999,None,10.3
2350,56377.43117386577,62969.76882613422,0.0,86.39999999999999,56.737060138721,43.262939861279,167,601,1.0,1.0,163.0,601.0,3.7830594002044955,0.0033375084102571437,0.03783059400204496,3.3375084102571436e-05,3.782470675914733,0.0033381898041110352,27.830594002044954,0,56.74589100306744,43.25410899693257,4.845,15.129999999999999,None,3.75
2410,56344.57287109678,63002.62712890322,0.0,86.39999999999999,56.737060138721,43.262939861279,167,624,1.0,1.0,163.0,624.0,3.7830594002044955,0.0033375084102571437,0.03783059400204496,3.3375084102571436e-05,3.782470675914733,0.0033381898041110352,27.830594002044954,0,56.74589100306744,43.25410899693257,4.845,15.129999999999999,None,2.608695652173913
2471,56299.679745236106,63047.5202547639,0.0,86.39999999999999,56.737060138721,43.262939861279,167,652,1.0,1.0,163.0,652.0,3.7830594002044955,0.0033375084102571437,0.03783059400204496,3.3375084102571436e-05,3.782470675914733,0.0033381898041110352,27.830594002044954,0,56.74589100306744,43.25410899693257,4.845,15.129999999999999,None,2.1785714285714284
2531,56248.44721664652,63098.752783353484,0.0,86.39999999999999,56.737060138721,43.262939861279,167,679,1.0,1.0,163.0,679.0,3.7830594002044955,0.0033375084102571437,0.03783059400204496,3.3375084102571436e-05,3.782470675914733,0.0033381898041110352,27.830594002044954,0,56.74589100306744,43.25410899693257,4.845,15.129999999999999,None,2.2222222222222223
2591,56202.27144467503,63144.92855532498,0.0,86.39999999999999,56.737060138721,43.262939861279,167,700,1.0,1.0,163.0,700.0,3.7830594002044955,0.0033375084102571437,0.03783059400204496,3.3375084102571436e-05,3.782470675914733,0.0033381898041110352,27.830594002044954,0,56.74589100306744,43.25410899693257,4.845,15.129999999999999,None,2.857142857142857
2652,56168.3545167624,63178.8454832376,0.0,86.39999999999999,56.737060138721,43.262939861279,167,720,1.0,1.0,163.0,720.0,3.7830594002044955,0.0033375084102571437,0.03783059400204496,3.3375084102571436e-05,3.782470675914733,0.0033381898041110352,27.830594002044954,0,56.74589100306744,43.25410899693257,4.845,15.129999999999999,None,3.05
2712,56137.55253940982,63209.64746059018,0.0,86.39999999999999,56.737060138721,43.262939861279,167,746,1.0,1.0,163.0,746.0,3.7830594002044955,0.0033375084102571437,0.03783059400204496,3.3375084102571436e-05,3.782470675914733,0.0033381898041110352,27.830594002044954,0,56.74589100306744,43.25410899693257,4.845,15.129999999999999,None,2.3076923076923075
2772,56099.53632555741,63247.663674442585,0.0,86.39999999999999,56.737060138721,43.262939861279,167,769,1.0,1.0,163.0,769.0,3.7830594002044955,0.0033375084102571437,0.03783059400204496,3.3375084102571436e-05,3.782470675914733,0.0033381898041110352,27.830594002044954,0,56.74589100306744,43.25410899693257,4.845,15.129999999999999,None,2.608695652173913
2833,56067.674684457685,63279.52531554233,0.0,86.39999999999999,56.737060138721,43.262939861279,167,792,1.0,1.0,163.0,792.0,3.7830594002044955,0.0033375084102571437,0.03783059400204496,3.3375084102571436e-05,3.782470675914733,0.0033381898041110352,27.830594002044954,0,56.74589100306744,43.25410899693257,4.845,15.129999999999999,None,2.652173913043478
2893,56037.34774020674,63309.852259793275,0.0,86.39999999999999,56.737060138721,43.262939861279,167,818,1.0,1.0,163.0,818.0,3.7830594002044955,0.0033375084102571437,0.03783059400204496,3.3375084102571436e-05,3.782470675914733,0.0033381898041110352,27.830594002044954,0,56.74589100306744,43.25410899693257,4.845,15.129999999999999,None,2.3076923076923075
2954,56004.77749187587,63342.42250812412,0.0,86.39999999999999,56.737060138721,43.262939861279,167,851,1.0,1.0,163.0,851.0,3.7830594002044955,0.0033375084102571437,0.03783059400204496,3.3375084102571436e-05,3.782470675914733,0.0033381898041110352,27.830594002044954,0,56.74589100306744,43.25410899693257,4.845,15.129999999999999,None,1.8484848484848484
3014,55965.843666350665,63381.35633364934,0.0,86.39999999999999,56.737060138721,43.262939861279,167,876,1.0,1.0,163.0,876.0,3.7830594002044955,0.0033375084102571437,0.03783059400204496,3.3375084102571436e-05,3.782470675914733,0.0033381898041110352,27.830594002044954,0,56.74589100306744,43.25410899693257,4.845,15.129999999999999,None,2.4
3074,55937.99485860995,63409.205141390055,0.0,86.39999999999999,56.737060138721,43.262939861279,167,907,1.0,1.0,163.0,907.0,3.7830594002044955,0.0033375084102571437,0.03783059400204496,3.3375084102571436e-05,3.782470675914733,0.0033381898041110352,27.830594002044954,0,56.74589100306744,43.25410899693257,4.845,15.129999999999999,None,1.935483870967742
3135,55905.26964655306,63441.930353446936,0.0,86.39999999999999,56.737060138721,43.262939861279,167,932,1.0,1.0,163.0,932.0,3.7830594002044955,0.0033375084102571437,0.03783059400204496,3.3375084102571436e-05,3.782470675914733,0.0033381898041110352,27.830594002044954,0,56.74589100306744,43.25410899693257,4.845,15.129999999999999,None,2.44
3195,55880.22803856433,63466.97196143567,0.0,86.39999999999999,56.737060138721,43.262939861279,167,961,1.0,1.0,163.0,961.0,3.7830594002044955,0.0033375084102571437,0.03783059400204496,3.3375084102571436e-05,3.782470675914733,0.0033381898041110352,27.830594002044954,0,56.74589100306744,43.25410899693257,4.845,15.129999999999999,None,2.0689655172413794
3255,55852.57533052553,63494.62466947447,0.0,86.39999999999999,56.737060138721,43.262939861279,167,982,1.0,1.0,163.0,982.0,3.7830594002044955,0.0033375084102571437,0.03783059400204496,3.3375084102571436e-05,3.782470675914733,0.0033381898041110352,27.830594002044954,0,56.74589100306744,43.25410899693257,4.845,15.129999999999999,None,2.857142857142857
3315,55833.42538258539,63513.774617414616,0.0,86.39999999999999,56.737060138721,43.262939861279,167,1003,1.0,1.0,163.0,1003.0,3.7830594002044955,0.0033375084102571437,0.03783059400204496,3.3375084102571436e-05,3.782470675914733,0.0033381898041110352,27.830594002044954,0,56.74589100306744,43.25410899693257,4.845,15.129999999999999,None,2.857142857142857
3376,55814.96522693812,63532.23477306188,0.0,86.39999999999999,56.737060138721,43.262939861279,167,1029,1.0,1.0,163.0,1029.0,3.7830594002044955,0.0033375084102571437,0.03783059400204496,3.3375084102571436e-05,3.782470675914733,0.0033381898041110352,27.830594002044954,0,56.74589100306744,43.25410899693257,4.845,15.129999999999999,None,2.3461538461538463
3436,55793.01097503578,63554.189024964224,0.0,86.39999999999999,56.737060138721,43.262939861279,167,1061,1.0,1.0,163.0,1061.0,3.7830594002044955,0.0033375084102571437,0.03783059400204496,3.3375084102571436e-05,3.782470675914733,0.0033381898041110352,27.830594002044954,0,56.74589100306744,43.25410899693257,4.845,15.129999999999999,None,1.875
3497,55767.27074605829,63579.929253941715,0.0,86.39999999999999,56.737060138721,43.262939861279,167,1086,1.0,1.0,163.0,1086.0,3.7830594002044955,0.0033375084102571437,0.03783059400204496,3.3375084102571436e-05,3.782470675914733,0.0033381898041110352,27.830594002044954,0,56.74589100306744,43.25410899693257,4.845,15.129999999999999,None,2.44
3557,55748.07892201081,63599.12107798919,0.0,86.39999999999999,56.737060138721,43.262939861279,167,1112,1.0,1.0,163.0,1112.0,3.7830594002044955,0.0033375084102571437,0.03783059400204496,3.3375084102571436e-05,3.782470675914733,0.0033381898041110352,27.830594002044954,0,56.74589100306744,43.25410899693257,4.845,15.129999999999999,None,2.3076923076923075
3617,55728.917804881814,63618.2821951182,0.0,86.39999999999999,56.737060138721,43.262939861279,167,1145,1.0,1.0,163.0,1145.0,3.7830594002044955,0.0033375084102571437,0.03783059400204496,3.3375084102571436e-05,3.782470675914733,0.0033381898041110352,27.830594002044954,0,56.74589100306744,43.25410899693257,4.845,15.129999999999999,None,1.8181818181818181
3678,55705.694923068535,63641.505076931455,0.0,86.39999999999999,56.737060138721,43.262939861279,167,1174,1.0,1.0,163.0,1174.0,3.7830594002044955,0.0033375084102571437,0.03783059400204496,3.3375084102571436e-05,3.782470675914733,0.0033381898041110352,27.830594002044954,0,56.74589100306744,43.25410899693257,4.845,15.129999999999999,None,2.103448275862069
3738,55686.23330490381,63660.966695096184,0.0,86.39999999999999,56.737060138721,43.262939861279,167,1198,1.0,1.0,163.0,1198.0,3.7830594002044955,0.0033375084102571437,0.03783059400204496,3.3375084102571436e-05,3.782470675914733,0.0033381898041110352,27.830594002044954,0,56.74589100306744,43.25410899693257,4.845,15.129999999999999,None,2.5
3799,55670.75434375894,63676.44565624106,0.0,86.39999999999999,56.737060138721,43.262939861279,167,1223,1.0,1.0,163.0,1223.0,3.7830594002044955,0.0033375084102571437,0.03783059400204496,3.3375084102571436e-05,3.782470675914733,0.0033381898041110352,27.830594002044954,0,56.74589100306744,43.25410899693257,4.845,15.129999999999999,None,2.44
3859,55655.20046339977,63691.99953660023,0.0,86.39999999999999,56.737060138721,43.262939861279,167,1254,1.0,1.0,163.0,1254.0,3.7830594002044955,0.0033375084102571437,0.03783059400204496,3.3375084102571436e-05,3.782470675914733,0.0033381898041110352,27.830594002044954,0,56.74589100306744,43.25410899693257,4.845,15.129999999999999,None,1.935483870967742
3919,55636.67586872839,63710.52413127162,0.0,86.39999999999999,56.737060138721,43.262939861279,167,1274,1.0,1.0,163.0,1274.0,3.7830594002044955,0.0033375084102571437,0.03783059400204496,3.3375084102571436e-05,3.782470675914733,0.0033381898041110352,27.830594002044954,0,56.74589100306744,43.25410899693257,4.845,15.129999999999999,None,3.0
3980,55625.148678024394,63722.0513219756,0.0,86.39999999999999,56.737060138721,43.262939861279,167,1294,1.0,1.0,163.0,1294.0,3.7830594002044955,0.0033375084102571437,0.03783059400204496,3.3375084102571436e-05,3.782470675914733,0.0033381898041110352,27.830594002044954,0,56.74589100306744,43.25410899693257,4.845,15.129999999999999,None,3.05
4040,55613.93795103225,63733.26204896776,0.0,86.39999999999999,56.737060138721,43.262939861279,167,1321,1.0,1.0,163.0,1321.0,3.7830594002044955,0.0033375084102571437,0.03783059400204496,3.3375084102571436e-05,3.782470675914733,0.0033381898041110352,27.830594002044954,0,56.74589100306744,43.25410899693257,4.845,15.129999999999999,None,2.2222222222222223
4101,55599.282796161344,63747.91720383866,0.0,86.39999999999999,56.737060138721,43.262939861279,167,1353,1.0,1.0,163.0,1353.0,3.7830594002044955,0.0033375084102571437,0.03783059400204496,3.3375084102571436e-05,3.782470675914733,0.0033381898041110352,27.830594002044954,0,56.74589100306744,43.25410899693257,4.845,15.129999999999999,None,1.90625
4161,55582.589696857605,63764.61030314239,0.0,86.39999999999999,56.737060138721,43.262939861279,167,1376,1.0,1.0,163.0,1376.0,3.7830594002044955,0.0033375084102571437,0.03783059400204496,3.3375084102571436e-05,3.782470675914733,0.0033381898041110352,27.830594002044954,0,56.74589100306744,43.25410899693257,4.845,15.129999999999999,None,2.608695652173913
4221,55571.020316061724,63776.17968393827,0.0,86.39999999999999,56.737060138721,43.262939861279,167,1395,1.0,1.0,163.0,1395.0,3.7830594002044955,0.0033375084102571437,0.03783059400204496,3.3375084102571436e-05,3.782470675914733,0.0033381898041110352,27.830594002044954,0,56.74589100306744,43.25410899693257,4.845,15.129999999999999,None,3.1578947368421053
4282,55561.720644117646,63785.479355882366,0.0,86.39999999999999,56.73664319629601,43.26335680370397,167,1420,1.0,1.0,163.0,1420.0,3.7830594002044955,0.0033375084102571437,0.03783059400204496,3.3375084102571436e-05,3.7824428797530674,0.0033382219755944435,27.830594002044954,0,56.745693975547375,43.25430602445263,4.845,15.129999999999999,None,2.44
4342,55549.774315583316,63797.42568441668,0.0,86.39999999999999,56.73664319629601,43.26335680370397,167,1452,1.0,1.0,163.0,1452.0,3.783046265036491,0.0033375236129978892,0.03783046265036491,3.33752361299789e-05,3.7824428797530674,0.0033382219755944435,27.83046265036491,0,56.745693975547375,43.25430602445263,4.845,15.129999999999999,None,1.875
4402,55535.08449005707,63812.11550994292,0.0,86.39999999999999,56.73664319629601,43.26335680370397,167,1473,1.0,1.0,163.0,1473.0,3.783046265036491,0.0033375236129978892,0.03783046265036491,3.33752361299789e-05,3.7824428797530674,0.0033382219755944435,27.83046265036491,0,56.745693975547375,43.25430602445263,4.845,15.129999999999999,None,2.857142857142857
4463,55525.75659675846,63821.44340324155,0.0,86.39999999999999,56.73664319629601,43.26335680370397,167,1497,1.0,1.0,163.0,1497.0,3.783046265036491,0.0033375236129978892,0.03783046265036491,3.33752361299789e-05,3.7824428797530674,0.0033382219755944435,27.83046265036491,0,56.745693975547375,43.25430602445263,4.845,15.129999999999999,None,2.5416666666666665
4523,55515.38513536275,63831.81486463724,0.0,86.39999999999999,56.73664319629601,43.26335680370397,167,1521,1.0,1.0,163.0,1521.0,3.783046265036491,0.0033375236129978892,0.03783046265036491,3.33752361299789e-05,3.7824428797530674,0.0033382219755944435,27.83046265036491,0,56.745693975547375,43.25430602445263,4.845,15.129999999999999,None,2.5
4584,55505.30929756978,63841.890702430224,0.0,86.39999999999999,56.73664319629601,43.26335680370397,167,1546,1.0,1.0,163.0,1546.0,3.783046265036491,0.0033375236129978892,0.03783046265036491,3.33752361299789e-05,3.7824428797530674,0.0033382219755944435,27.83046265036491,0,56.745693975547375,43.25430602445263,4.845,15.129999999999999,None,2.44
4644,55495.11456213949,63852.08543786051,0.0,86.39999999999999,56.73664319629601,43.26335680370397,167,1570,1.0,1.0,163.0,1570.0,3.783046265036491,0.0033375236129978892,0.03783046265036491,3.33752361299789e-05,3.7824428797530674,0.0033382219755944435,27.83046265036491,0,56.745693975547375,43.25430602445263,4.845,15.129999999999999,None,2.5
4704,55485.60433877768,63861.59566122233,0.0,86.39999999999999,56.73664319629601,43.26335680370397,167,1596,1.0,1.0,163.0,1596.0,3.783046265036491,0.0033375236129978892,0.03783046265036491,3.33752361299789e-05,3.7824428797530674,0.0033382219755944435,27.83046265036491,0,56.745693975547375,43.25430602445263,4.845,15.129999999999999,None,2.3076923076923075
4765,55475.59445473233,63871.60554526767,0.0,86.39999999999999,56.73664319629601,43.26335680370397,167,1622,1.0,1.0,163.0,1622.0,3.783046265036491,0.0033375236129978892,0.03783046265036491,3.33752361299789e-05,3.7824428797530674,0.0033382219755944435,27.83046265036491,0,56.745693975547375,43.25430602445263,4.845,15.129999999999999,None,2.3461538461538463
4825,55465.87617515216,63881.32382484784,0.0,86.39999999999999,56.73664319629601,43.26335680370397,167,1644,1.0,1.0,163.0,1644.0,3.783046265036491,0.0033375236129978892,0.03783046265036491,3.33752361299789e-05,3.7824428797530674,0.0033382219755944435,27.83046265036491,0,56.745693975547375,43.25430602445263,4.845,15.129999999999999,None,2.727272727272727
4886,55457.87145029598,63889.32854970402,0.0,86.39999999999999,56.73664319629601,43.26335680370397,167,1659,1.0,1.0,163.0,1659.0,3.783046265036491,0.0033375236129978892,0.03783046265036491,3.33752361299789e-05,3.7824428797530674,0.0033382219755944435,27.83046265036491,0,56.745693975547375,43.25430602445263,4.845,15.129999999999999,None,4.066666666666666
4946,55452.524516157064,63894.67548384294,0.0,86.39999999999999,56.73664319629601,43.26335680370397,167,1679,1.0,1.0,163.0,1679.0,3.783046265036491,0.0033375236129978892,0.03783046265036491,3.33752361299789e-05,3.7824428797530674,0.0033382219755944435,27.83046265036491,0,56.745693975547375,43.25430602445263,4.845,15.129999999999999,None,3.0
5006,55445.53073404412,63901.66926595588,0.0,86.39999999999999,56.73664319629601,43.26335680370397,167,1700,1.0,1.0,163.0,1700.0,3.783046265036491,0.0033375236129978892,0.03783046265036491,3.33752361299789e-05,3.7824428797530674,0.0033382219755944435,27.83046265036491,0,56.745693975547375,43.25430602445263,4.845,15.129999999999999,None,2.857142857142857
5067,55438.348874376774,63908.85112562323,0.0,86.39999999999999,56.73664319629601,43.26335680370397,167,1724,1.0,1.0,163.0,1724.0,3.783046265036491,0.0033375236129978892,0.03783046265036491,3.33752361299789e-05,3.7824428797530674,0.0033382219755944435,27.83046265036491,0,56.745693975547375,43.25430602445263,4.845,15.129999999999999,None,2.5416666666666665
5127,55430.33677020099,63916.86322979901,0.0,86.39999999999999,56.73664319629601,43.26335680370397,167,1743,1.0,1.0,163.0,1743.0,3.783046265036491,0.0033375236129978892,0.03783046265036491,3.33752361299789e-05,3.7824428797530674,0.0033382219755944435,27.83046265036491,0,56.745693975547375,43.25430602445263,4.845,15.129999999999999,None,3.1578947368421053
5187,55424.13695270558,63923.063047294425,0.0,86.39999999999999,56.73664319629601,43.26335680370397,167,1760,1.0,1.0,163.0,1760.0,3.783046265036491,0.0033375236129978892,0.03783046265036491,3.33752361299789e-05,3.7824428797530674,0.0033382219755944435,27.83046265036491,0,56.745693975547375,43.25430602445263,4.845,15.129999999999999,None,3.5294117647058822
5248,55418.693595412005,63928.506404588006,0.0,86.39999999999999,56.73664319629601,43.26335680370397,167,1777,1.0,1.0,163.0,1777.0,3.783046265036491,0.0033375236129978892,0.03783046265036491,3.33752361299789e-05,3.7824428797530674,0.0033382219755944435,27.83046265036491,0,56.745693975547375,43.25430602445263,4.845,15.129999999999999,None,3.588235294117647
5309,55413.345637163766,63933.854362836224,0.0,86.39999999999999,56.73664319629601,43.26335680370397,167,1800,1.0,1.0,163.0,1800.0,3.783046265036491,0.0033375236129978892,0.03783046265036491,3.33752361299789e-05,3.7824428797530674,0.0033382219755944435,27.83046265036491,0,56.745693975547375,43.25430602445263,4.845,15.129999999999999,None,2.652173913043478
5402,55406.25760128349,63940.94239871651,0.0,86.39999999999999,56.73664319629601,43.26335680370397,167,1823,1.0,1.0,163.0,1823.0,3.783046265036491,0.0033375236129978892,0.03783046265036491,3.33752361299789e-05,3.7824428797530674,0.0033382219755944435,27.83046265036491,0,56.745693975547375,43.25430602445263,4.845,15.129999999999999,None,4.043478260869565
5463,55399.33373944676,63947.86626055324,0.0,86.39999999999999,56.73664319629601,43.26335680370397,167,1845,1.0,1.0,163.0,1845.0,3.783046265036491,0.0033375236129978892,0.03783046265036491,3.33752361299789e-05,3.7824428797530674,0.0033382219755944435,27.83046265036491,0,56.745693975547375,43.25430602445263,4.845,15.129999999999999,None,2.772727272727273
5523,55392.85933494995,63954.340665050055,0.0,86.39999999999999,56.73664319629601,43.26335680370397,167,1875,1.0,1.0,163.0,1875.0,3.783046265036491,0.0033375236129978892,0.03783046265036491,3.33752361299789e-05,3.7824428797530674,0.0033382219755944435,27.83046265036491,0,56.745693975547375,43.25430602445263,4.845,15.129999999999999,None,2.0
5583,55384.2558685408,63962.944131459204,0.0,86.39999999999999,56.73664319629601,43.26335680370397,167,1896,1.0,1.0,163.0,1896.0,3.783046265036491,0.0033375236129978892,0.03783046265036491,3.33752361299789e-05,3.7824428797530674,0.0033382219755944435,27.83046265036491,0,56.745693975547375,43.25430602445263,4.845,15.129999999999999,None,2.857142857142857
5644,55378.38261337583,63968.81738662418,0.0,86.39999999999999,56.73664319629601,43.26335680370397,167,1917,1.0,1.0,163.0,1917.0,3.783046265036491,0.0033375236129978892,0.03783046265036491,3.33752361299789e-05,3.7824428797530674,0.0033382219755944435,27.83046265036491,0,56.745693975547375,43.25430602445263,4.845,15.129999999999999,None,2.9047619047619047
5705,55372.62795278629,63974.5720472137,0.0,86.39999999999999,56.73664319629601,43.26335680370397,167,1945,1.0,1.0,163.0,1945.0,3.783046265036491,0.0033375236129978892,0.03783046265036491,3.33752361299789e-05,3.7824428797530674,0.0033382219755944435,27.83046265036491,0,56.745693975547375,43.25430602445263,4.845,15.129999999999999,None,2.1785714285714284
5775,55365.133426439774,63982.06657356022,0.0,86.39999999999999,56.73664319629601,43.26335680370397,167,1970,1.0,1.0,163.0,1970.0,3.783046265036491,0.0033375236129978892,0.03783046265036491,3.33752361299789e-05,3.7824428797530674,0.0033382219755944435,27.83046265036491,0,56.745693975547375,43.25430602445263,4.845,15.129999999999999,None,2.8
5835,55358.60815401966,63988.59184598034,0.0,86.39999999999999,56.73664319629601,43.26335680370397,167,1995,1.0,1.0,163.0,1995.0,3.783046265036491,0.0033375236129978892,0.03783046265036491,3.33752361299789e-05,3.7824428797530674,0.0033382219755944435,27.83046265036491,0,56.745693975547375,43.25430602445263,4.845,15.129999999999999,None,2.4
5896,55352.234069561084,63994.96593043891,0.0,86.39999999999999,56.73664319629601,43.26335680370397,167,2015,1.0,1.0,163.0,2015.0,3.783046265036491,0.0033375236129978892,0.03783046265036491,3.33752361299789e-05,3.7824428797530674,0.0033382219755944435,27.83046265036491,0,56.745693975547375,43.25430602445263,4.845,15.129999999999999,None,3.05
5956,55347.240158762135,63999.95984123787,0.0,86.39999999999999,56.73664319629601,43.26335680370397,167,2045,1.0,0.683853459972863,163.0,2035.8317503392127,3.783046265036491,0.0033375236129978892,0.03783046265036491,3.33752361299789e-05,3.7824428797530674,0.0022828546481677057,27.83046265036491,0,56.745693975547375,43.25430602445263,4.845,15.129999999999999,None,2.0
6017,55342.13515592151,64005.0648440785,0.0,86.39999999999999,56.73664319629601,43.26335680370397,167,2090,1.0,0.683853459972863,163.0,2066.605156037991,3.783046265036491,0.0022823770704897364,0.03783046265036491,2.2823770704897364e-05,3.7824428797530674,0.0022828546481677057,27.83046265036491,0,56.745693975547375,43.25430602445263,4.845,15.129999999999999,None,1.3555555555555556
6078,55334.768409788914,64012.43159021109,0.0,86.39999999999999,56.73664319629601,43.26335680370397,167,2121,1.0,0.683853459972863,163.0,2087.8046132971494,3.783046265036491,0.0022823770704897364,0.03783046265036491,2.2823770704897364e-05,3.7824428797530674,0.0022828546481677057,27.83046265036491,0,56.745693975547375,43.25430602445263,4.845,15.129999999999999,None,1.967741935483871
6138,55329.81072299235,64017.389277007656,0.0,86.39999999999999,56.73664319629601,43.26335680370397,167,2158,1.0,0.683853459972863,163.0,2113.107191316145,3.783046265036491,0.0022823770704897364,0.03783046265036491,2.2823770704897364e-05,3.7824428797530674,0.0022828546481677057,27.83046265036491,0,56.745693975547375,43.25430602445263,4.845,15.129999999999999,None,1.6216216216216217
6199,55324.01437613659,64023.185623863414,0.0,86.39999999999999,56.73664319629601,43.26335680370397,167,2199,1.0,0.683853459972863,163.0,2141.145183175032,3.783046265036491,0.0022823770704897364,0.03783046265036491,2.2823770704897364e-05,3.7824428797530674,0.0022828546481677057,27.83046265036491,0,56.745693975547375,43.25430602445263,4.845,15.129999999999999,None,1.4878048780487805
6260,55317.74008806071,64029.459911939295,0.0,86.39999999999999,56.73664319629601,43.26335680370397,167,2234,1.0,0.683853459972863,163.0,2165.0800542740817,3.783046265036491,0.0022823770704897364,0.03783046265036491,2.2823770704897364e-05,3.7824428797530674,0.0022828546481677057,27.83046265036491,0,56.745693975547375,43.25430602445263,4.845,15.129999999999999,None,1.7428571428571429
6321,55312.50355990002,64034.696440099986,0.0,86.39999999999999,56.73664319629601,43.26335680370397,167,2276,1.0,0.683853459972863,163.0,2193.8018995929415,3.783046265036491,0.0022823770704897364,0.03783046265036491,2.2823770704897364e-05,3.7824428797530674,0.0022828546481677057,27.83046265036491,0,56.745693975547375,43.25430602445263,4.845,15.129999999999999,None,1.4523809523809523
6395,55306.36012231703,64040.83987768297,0.0,86.39999999999999,56.73664319629601,43.26335680370397,167,2301,1.0,0.683853459972863,163.0,2210.898236092263,3.783046265036491,0.0022823770704897364,0.03783046265036491,2.2823770704897364e-05,3.7824428797530674,0.0022828546481677057,27.83046265036491,0,56.745693975547375,43.25430602445263,4.845,15.129999999999999,None,2.96
6456,55302.77389362542,64044.426106374594,0.0,86.39999999999999,56.73664319629601,43.26335680370397,167,2338,1.0,0.683853459972863,163.0,2236.2008141112583,3.783046265036491,0.0022823770704897364,0.03783046265036491,2.2823770704897364e-05,3.7824428797530674,0.0022828546481677057,27.83046265036491,0,56.745693975547375,43.25430602445263,4.845,15.129999999999999,None,1.6486486486486487
6516,55297.56007192122,64049.63992807878,0.0,86.39999999999999,56.73664319629601,43.26335680370397,167,2363,1.0,0.683853459972863,163.0,2253.2971506105796,3.783046265036491,0.0022823770704897364,0.03783046265036491,2.2823770704897364e-05,3.7824428797530674,0.0022828546481677057,27.83046265036491,0,56.745693975547375,43.25430602445263,4.845,15.129999999999999,None,2.4
6577,55294.09903512765,64053.100964872356,0.0,86.39999999999999,56.73664319629601,43.26335680370397,167,2398,1.0,0.683853459972863,163.0,2277.2320217096294,3.783046265036491,0.0022823770704897364,0.03783046265036491,2.2823770704897364e-05,3.7824428797530674,0.0022828546481677057,27.83046265036491,0,56.745693975547375,43.25430602445263,4.845,15.129999999999999,None,1.7428571428571429
6638,55289.33505731467,64057.864942685344,0.0,86.39999999999999,56.73664319629601,43.26335680370397,167,2428,1.0,0.683853459972863,163.0,2297.747625508815,3.783046265036491,0.0022823770704897364,0.03783046265036491,2.2823770704897364e-05,3.7824428797530674,0.0022828546481677057,27.83046265036491,0,56.745693975547375,43.25430602445263,4.845,15.129999999999999,None,2.033333333333333
6699,55285.325409690595,64061.87459030942,0.0,86.39999999999999,56.73664319629601,43.26335680370397,167,2468,1.0,0.683853459972863,163.0,2325.101763907729,3.783046265036491,0.0022823770704897364,0.03783046265036491,2.2823770704897364e-05,3.7824428797530674,0.0022828546481677057,27.83046265036491,0,56.745693975547375,43.25430602445263,4.845,15.129999999999999,None,1.525
6759,55280.08207081543,64067.11792918456,0.0,86.39999999999999,56.73664319629601,43.26335680370397,167,2511,1.0,0.683853459972863,163.0,2354.5074626865617,3.783046265036491,0.0022823770704897364,0.03783046265036491,2.2823770704897364e-05,3.7824428797530674,0.0022828546481677057,27.83046265036491,0,56.745693975547375,43.25430602445263,4.845,15.129999999999999,None,1.3953488372093024
6820,55274.57256432186,64072.627435678136,0.0,86.39999999999999,56.73664319629601,43.26335680370397,167,2546,1.0,0.683853459972863,163.0,2378.4423337856115,3.783046265036491,0.0022823770704897364,0.03783046265036491,2.2823770704897364e-05,3.7824428797530674,0.0022828546481677057,27.83046265036491,0,56.745693975547375,43.25430602445263,4.845,15.129999999999999,None,1.7428571428571429
6881,55270.18220397417,64077.01779602584,0.0,86.39999999999999,56.73664319629601,43.26335680370397,167,2580,1.0,0.683853459972863,163.0,2401.6933514246884,3.783046265036491,0.0022823770704897364,0.03783046265036491,2.2823770704897364e-05,3.7824428797530674,0.0022828546481677057,27.83046265036491,0,56.745693975547375,43.25430602445263,4.845,15.129999999999999,None,1.7941176470588236
6946,55265.99574961726,64081.20425038275,0.0,86.39999999999999,56.73664319629601,43.26335680370397,167,2612,1.0,0.683853459972863,163.0,2423.5766621438197,3.783046265036491,0.0022823770704897364,0.03783046265036491,2.2823770704897364e-05,3.7824428797530674,0.0022828546481677057,27.83046265036491,0,56.745693975547375,43.25430602445263,4.845,15.129999999999999,None,2.03125
7007,55262.12431145256,64085.075688547455,0.0,86.39999999999999,56.73664319629601,43.26335680370397,167,2654,1.0,0.683853459972863,163.0,2452.2985074626795,3.783046265036491,0.0022823770704897364,0.03783046265036491,2.2823770704897364e-05,3.7824428797530674,0.0022828546481677057,27.83046265036491,0,56.745693975547375,43.25430602445263,4.845,15.129999999999999,None,1.4523809523809523
7068,55257.14136960204,64090.058630397965,0.0,86.39999999999999,56.73664319629601,43.26335680370397,167,2689,1.0,0.683853459972863,163.0,2476.2333785617293,3.783046265036491,0.0022823770704897364,0.03783046265036491,2.2823770704897364e-05,3.7824428797530674,0.0022828546481677057,27.83046265036491,0,56.745693975547375,43.25430602445263,4.845,15.129999999999999,None,1.7428571428571429
7129,55253.07176577817,64094.12823422183,0.0,86.39999999999999,56.73664319629601,43.26335680370397,167,2727,1.0,0.683853459972863,163.0,2502.2198100406977,3.783046265036491,0.0022823770704897364,0.03783046265036491,2.2823770704897364e-05,3.7824428797530674,0.0022828546481677057,27.83046265036491,0,56.745693975547375,43.25430602445263,4.845,15.129999999999999,None,1.605263157894737
7230,55248.736098784466,64098.46390121554,0.0,86.39999999999999,56.73664319629601,43.26335680370397,168,2751,1.0,0.683853459972863,164.0,2518.632293080046,3.783046265036491,0.0022823770704897364,0.03783046265036491,2.2823770704897364e-05,3.7824428797530674,0.0022828546481677057,27.83046265036491,0,56.745693975547375,43.25430602445263,4.845,15.129999999999999,101.0,4.208333333333333
7291,55248.56186920623,64098.63813079377,0.0,86.39999999999999,56.73664319629601,43.26335680370397,168,2778,1.0,0.683853459972863,164.0,2536.4124830393403,3.783046265036491,0.0022823770704897364,0.03783046265036491,2.2823770704897364e-05,3.7824428797530674,0.0022828546481677057,27.83046265036491,0,56.745693975547375,43.25430602445263,4.845,15.129999999999999,None,2.259259259259259
7356,55245.66371502667,64101.53628497333,0.0,86.39999999999999,56.73664319629601,43.26335680370397,168,2807,1.0,0.683853459972863,164.0,2556.244233378553,3.783046265036491,0.0022823770704897364,0.03783046265036491,2.2823770704897364e-05,3.7824428797530674,0.0022828546481677057,27.83046265036491,0,56.745693975547375,43.25430602445263,4.845,15.129999999999999,None,2.2413793103448274
7439,55242.47585395985,64104.72414604015,0.0,86.39999999999999,56.73664319629601,43.26335680370397,168,2834,1.0,0.683853459972863,164.0,2574.70827679782,3.783046265036491,0.0022823770704897364,0.03783046265036491,2.2823770704897364e-05,3.7824428797530674,0.0022828546481677057,27.83046265036491,0,56.745693975547375,43.25430602445263,4.845,15.129999999999999,None,3.074074074074074
7500,55239.54934751679,64107.65065248322,0.0,86.39999999999999,56.73664319629601,43.26335680370397,168,2873,1.0,0.683853459972863,164.0,2601.378561736761,3.783046265036491,0.0022823770704897364,0.03783046265036491,2.2823770704897364e-05,3.7824428797530674,0.0022828546481677057,27.83046265036491,0,56.745693975547375,43.25430602445263,4.845,15.129999999999999,None,1.564102564102564
7561,55235.391164176544,64111.80883582346,0.0,86.39999999999999,56.73664319629601,43.26335680370397,168,2908,1.0,0.683853459972863,164.0,2625.313432835811,3.783046265036491,0.0022823770704897364,0.03783046265036491,2.2823770704897364e-05,3.7824428797530674,0.0022828546481677057,27.83046265036491,0,56.745693975547375,43.25430602445263,4.845,15.129999999999999,None,1.7428571428571429
7622,55231.72716365013,64115.47283634988,0.0,86.39999999999999,56.73664319629601,43.26335680370397,168,2948,1.0,0.683853459972863,164.0,2652.667571234725,3.783046265036491,0.0022823770704897364,0.03783046265036491,2.2823770704897364e-05,3.7824428797530674,0.0022828546481677057,27.83046265036491,0,56.745693975547375,43.25430602445263,4.845,15.129999999999999,None,1.525
7683,55227.61598383531,64119.584016164685,0.0,86.39999999999999,56.73664319629601,43.26335680370397,168,2989,1.0,0.683853459972863,164.0,2680.705563093612,3.783046265036491,0.0022823770704897364,0.03783046265036491,2.2823770704897364e-05,3.7824428797530674,0.0022828546481677057,27.83046265036491,0,56.745693975547375,43.25430602445263,4.845,15.129999999999999,None,1.4878048780487805
7744,55223.48407877567,64123.715921224335,0.0,86.39999999999999,56.73664319629601,43.26335680370397,168,3024,1.0,0.683853459972863,164.0,2704.640434192662,3.783046265036491,0.0022823770704897364,0.03783046265036491,2.2823770704897364e-05,3.7824428797530674,0.0022828546481677057,27.83046265036491,0,56.745693975547375,43.25430602445263,4.845,15.129999999999999,None,1.7428571428571429
7804,55220.02074777971,64127.17925222029,0.0,86.39999999999999,56.73664319629601,43.26335680370397,168,3058,1.0,0.683853459972863,164.0,2727.891451831739,3.783046265036491,0.0022823770704897364,0.03783046265036491,2.2823770704897364e-05,3.7824428797530674,0.0022828546481677057,27.83046265036491,0,56.745693975547375,43.25430602445263,4.845,15.129999999999999,None,1.7647058823529411
7865,55216.71126438041,64130.4887356196,0.0,86.39999999999999,56.73664319629601,43.26335680370397,168,3095,1.0,0.683853459972863,164.0,2753.1940298507343,3.783046265036491,0.0022823770704897364,0.03783046265036491,2.2823770704897364e-05,3.7824428797530674,0.0022828546481677057,27.83046265036491,0,56.745693975547375,43.25430602445263,4.845,15.129999999999999,None,1.6486486486486487
7926,55213.169710825656,64134.030289174356,0.0,86.39999999999999,56.73664319629601,43.26335680370397,168,3130,1.0,0.683853459972863,164.0,2777.128900949784,3.783046265036491,0.0022823770704897364,0.03783046265036491,2.2823770704897364e-05,3.7824428797530674,0.0022828546481677057,27.83046265036491,0,56.745693975547375,43.25430602445263,4.845,15.129999999999999,None,1.7428571428571429
7987,55209.87567693903,64137.32432306097,0.0,86.39999999999999,56.73664319629601,43.26335680370397,168,3168,1.0,0.683853459972863,164.0,2803.1153324287525,3.783046265036491,0.0022823770704897364,0.03783046265036491,2.2823770704897364e-05,3.7824428797530674,0.0022828546481677057,27.83046265036491,0,56.745693975547375,43.25430602445263,4.845,15.129999999999999,None,1.605263157894737
8048,55206.35946938061,64140.840530619396,0.0,86.39999999999999,56.73664319629601,43.26335680370397,168,3206,1.0,0.683853459972863,164.0,2829.101763907721,3.783046265036491,0.0022823770704897364,0.03783046265036491,2.2823770704897364e-05,3.7824428797530674,0.0022828546481677057,27.83046265036491,0,56.745693975547375,43.25430602445263,4.845,15.129999999999999,None,1.605263157894737
8108,55202.90431800671,64144.2956819933,0.0,86.39999999999999,56.73664319629601,43.26335680370397,168,3245,1.0,0.683853459972863,164.0,2855.772048846662,3.783046265036491,0.0022823770704897364,0.03783046265036491,2.2823770704897364e-05,3.7824428797530674,0.0022828546481677057,27.83046265036491,0,56.745693975547375,43.25430602445263,4.845,15.129999999999999,None,1.5384615384615385
8169,55199.420075647984,64147.77992435201,0.0,86.39999999999999,56.73664319629601,43.26335680370397,168,3278,1.0,0.683853459972863,164.0,2878.339213025766,3.783046265036491,0.0022823770704897364,0.03783046265036491,2.2823770704897364e-05,3.7824428797530674,0.0022828546481677057,27.83046265036491,0,56.745693975547375,43.25430602445263,4.845,15.129999999999999,None,1.8484848484848484
8230,55196.51958455026,64150.68041544974,0.0,86.39999999999999,56.73664319629601,43.26335680370397,168,3317,1.0,0.683853459972863,164.0,2905.0094979647074,3.783046265036491,0.0022823770704897364,0.03783046265036491,2.2823770704897364e-05,3.7824428797530674,0.0022828546481677057,27.83046265036491,0,56.745693975547375,43.25430602445263,4.845,15.129999999999999,None,1.564102564102564
8290,55193.14672596753,64154.05327403247,0.0,86.39999999999999,56.73664319629601,43.26335680370397,168,3348,1.0,0.683853459972863,164.0,2926.208955223866,3.783046265036491,0.0022823770704897364,0.03783046265036491,2.2823770704897364e-05,3.7824428797530674,0.0022828546481677057,27.83046265036491,0,56.745693975547375,43.25430602445263,4.845,15.129999999999999,None,1.935483870967742
8362,55190.507266436456,64156.69273356355,0.0,86.39999999999999,56.73664319629601,43.26335680370397,168,3355,1.0,0.683853459972863,164.0,2930.995929443676,3.783046265036491,0.0022823770704897364,0.03783046265036491,2.2823770704897364e-05,3.7824428797530674,0.0022828546481677057,27.83046265036491,0,56.745693975547375,43.25430602445263,4.845,15.129999999999999,None,10.285714285714286
8422,55189.916263683124,64157.28373631688,0.0,86.39999999999999,56.73664319629601,43.26335680370397,168,3368,1.0,0.683853459972863,164.0,2939.20217096335,3.783046265036491,0.0022823770704897364,0.03783046265036491,2.2823770704897364e-05,3.7824428797530674,0.0022828546481677057,27.83046265036491,0,56.745693975547375,43.25430602445263,4.845,15.129999999999999,None,4.615384615384615
8483,55188.90735819021,64158.29264180979,0.0,86.39999999999999,56.73664319629601,43.26335680370397,168,3408,1.0,0.683853459972863,164.0,2966.556309362264,3.783046265036491,0.0022823770704897364,0.03783046265036491,2.2823770704897364e-05,3.7824428797530674,0.0022828546481677057,27.83046265036491,0,56.745693975547375,43.25430602445263,4.845,15.129999999999999,None,1.525
8547,55185.582540825315,64161.61745917468,0.0,86.39999999999999,56.73664319629601,43.26335680370397,168,3411,1.0,0.683853459972863,164.0,2968.6078697421826,3.783046265036491,0.0022823770704897364,0.03783046265036491,2.2823770704897364e-05,3.7824428797530674,0.0022828546481677057,27.83046265036491,0,56.745693975547375,43.25430602445263,4.845,15.129999999999999,None,21.333333333333332
8607,55185.33552027022,64161.864479729775,0.0,86.39999999999999,56.73664319629601,43.26335680370397,168,3429,1.0,0.683853459972863,164.0,2980.917232021694,3.783046265036491,0.0022823770704897364,0.03783046265036491,2.2823770704897364e-05,3.7824428797530674,0.0022828546481677057,27.83046265036491,0,56.745693975547375,43.25430602445263,4.845,15.129999999999999,None,3.3333333333333335
8668,55183.860164894766,64163.339835105246,0.0,86.39999999999999,56.73664319629601,43.26335680370397,168,3469,1.0,0.683853459972863,164.0,3008.271370420608,3.783046265036491,0.0022823770704897364,0.03783046265036491,2.2823770704897364e-05,3.7824428797530674,0.0022828546481677057,27.83046265036491,0,56.745693975547375,43.25430602445263,4.845,15.129999999999999,None,1.525
8729,55180.62258993475,64166.57741006525,0.0,86.39999999999999,56.73664319629601,43.26335680370397,168,3497,1.0,0.683853459972863,164.0,3027.419267299848,3.783046265036491,0.0022823770704897364,0.03783046265036491,2.2823770704897364e-05,3.7824428797530674,0.0022828546481677057,27.83046265036491,0,56.745693975547375,43.25430602445263,4.845,15.129999999999999,None,2.1785714285714284
8790,55178.38930966029,64168.810690339706,0.0,86.39999999999999,56.73664319629601,43.26335680370397,168,3535,1.0,0.683853459972863,164.0,3053.4056987788163,3.783046265036491,0.0022823770704897364,0.03783046265036491,2.2823770704897364e-05,3.7824428797530674,0.0022828546481677057,27.83046265036491,0,56.745693975547375,43.25430602445263,4.845,15.129999999999999,None,1.605263157894737
8850,55175.40094700637,64171.799052993636,0.0,86.39999999999999,56.73664319629601,43.26335680370397,168,3573,1.0,0.683853459972863,164.0,3079.3921302577846,3.783046265036491,0.0022823770704897364,0.03783046265036491,2.2823770704897364e-05,3.7824428797530674,0.0022828546481677057,27.83046265036491,0,56.745693975547375,43.25430602445263,4.845,15.129999999999999,None,1.5789473684210527
8911,55172.460470564285,64174.73952943572,0.0,86.39999999999999,56.73664319629601,43.26335680370397,168,3615,1.0,0.683853459972863,164.0,3108.1139755766444,3.783046265036491,0.0022823770704897364,0.03783046265036491,2.2823770704897364e-05,3.7824428797530674,0.0022828546481677057,27.83046265036491,0,56.745693975547375,43.25430602445263,4.845,15.129999999999999,None,1.4523809523809523
8972,55169.264808831904,64177.93519116809,0.0,86.39999999999999,56.73664319629601,43.26335680370397,168,3650,1.0,0.683853459972863,164.0,3132.048846675694,3.783046265036491,0.0022823770704897364,0.03783046265036491,2.2823770704897364e-05,3.7824428797530674,0.0022828546481677057,27.83046265036491,0,56.745693975547375,43.25430602445263,4.845,15.129999999999999,None,1.7428571428571429
9033,55166.644301522516,64180.55569847748,0.0,86.39999999999999,56.73664319629601,43.26335680370397,168,3681,1.0,0.683853459972863,164.0,3153.2483039348526,3.783046265036491,0.0022823770704897364,0.03783046265036491,2.2823770704897364e-05,3.7824428797530674,0.0022828546481677057,27.83046265036491,0,56.745693975547375,43.25430602445263,4.845,15.129999999999999,None,1.967741935483871
9094,55164.35486046483,64182.84513953517,0.0,86.39999999999999,56.73664319629601,43.26335680370397,168,3720,1.0,0.683853459972863,164.0,3179.918588873794,3.783046265036491,0.0022823770704897364,0.03783046265036491,2.2823770704897364e-05,3.7824428797530674,0.0022828546481677057,27.83046265036491,0,56.745693975547375,43.25430602445263,4.845,15.129999999999999,None,1.564102564102564
9155,55161.515828228534,64185.68417177146,0.0,86.39999999999999,56.73664319629601,43.26335680370397,168,3758,1.0,0.683853459972863,164.0,3205.905020352762,3.783046265036491,0.0022823770704897364,0.03783046265036491,2.2823770704897364e-05,3.7824428797530674,0.0022828546481677057,27.83046265036491,0,56.745693975547375,43.25430602445263,4.845,15.129999999999999,None,1.605263157894737
9216,55158.79281573758,64188.40718426242,0.0,86.39999999999999,56.73664319629601,43.26335680370397,168,3793,1.0,0.683853459972863,164.0,3229.839891451812,3.783046265036491,0.0022823770704897364,0.03783046265036491,2.2823770704897364e-05,3.7824428797530674,0.0022828546481677057,27.83046265036491,0,56.745693975547375,43.25430602445263,4.845,15.129999999999999,None,1.7428571428571429
9277,55156.321669614554,64190.87833038546,0.0,86.39999999999999,56.73664319629601,43.26335680370397,168,3822,1.0,0.683853459972863,164.0,3249.6716417910247,3.783046265036491,0.0022823770704897364,0.03783046265036491,2.2823770704897364e-05,3.7824428797530674,0.0022828546481677057,27.83046265036491,0,56.745693975547375,43.25430602445263,4.845,15.129999999999999,None,2.103448275862069
9358,55154.30039977127,64192.89960022873,0.0,86.39999999999999,56.73664319629601,43.26335680370397,168,3836,1.0,0.683853459972863,164.0,3259.2455902306447,3.783046265036491,0.0022823770704897364,0.03783046265036491,2.2823770704897364e-05,3.7824428797530674,0.0022828546481677057,27.83046265036491,0,56.745693975547375,43.25430602445263,4.845,15.129999999999999,None,5.785714285714286
9418,55153.33299633209,64193.86700366791,0.0,86.39999999999999,56.73664319629601,43.26335680370397,168,3876,1.0,0.683853459972863,164.0,3286.5997286295587,3.783046265036491,0.0022823770704897364,0.03783046265036491,2.2823770704897364e-05,3.7824428797530674,0.0022828546481677057,27.83046265036491,0,56.745693975547375,43.25430602445263,4.845,15.129999999999999,None,1.5
9478,55150.598566753615,64196.60143324638,0.0,86.39999999999999,56.73664319629601,43.26335680370397,168,3907,1.0,0.683853459972863,164.0,3307.799185888717,3.783046265036491,0.0022823770704897364,0.03783046265036491,2.2823770704897364e-05,3.7824428797530674,0.0022828546481677057,27.83046265036491,0,56.745693975547375,43.25430602445263,4.845,15.129999999999999,None,1.935483870967742
9539,55148.50902089895,64198.69097910106,0.0,86.39999999999999,56.73664319629601,43.26335680370397,168,3942,1.0,0.683853459972863,164.0,3331.734056987767,3.783046265036491,0.0022823770704897364,0.03783046265036491,2.2823770704897364e-05,3.7824428797530674,0.0022828546481677057,27.83046265036491,0,56.745693975547375,43.25430602445263,4.845,15.129999999999999,None,1.7428571428571429
9601,55146.180316010825,64201.01968398918,0.0,86.39999999999999,56.73664319629601,43.26335680370397,168,3982,1.0,0.683853459972863,164.0,3359.088195386681,3.783046265036491,0.0022823770704897364,0.03783046265036491,2.2823770704897364e-05,3.7824428797530674,0.0022828546481677057,27.83046265036491,0,56.745693975547375,43.25430602445263,4.845,15.129999999999999,None,1.55
9662,55143.55768324049,64203.64231675951,0.0,86.39999999999999,56.73664319629601,43.26335680370397,168,4023,1.0,0.683853459972863,164.0,3387.126187245568,3.783046265036491,0.0022823770704897364,0.03783046265036491,2.2823770704897364e-05,3.7824428797530674,0.0022828546481677057,27.83046265036491,0,56.745693975547375,43.25430602445263,4.845,15.129999999999999,None,1.4878048780487805
9723,55140.911416432136,64206.288583567875,0.0,86.39999999999999,56.73664319629601,43.26335680370397,168,4060,1.0,0.7277110452917877,164.0,3413.5690624828594,3.783046265036491,0.0022823770704897364,0.03783046265036491,2.2823770704897364e-05,3.7824428797530674,0.0024292610032758486,27.83046265036491,0,56.745693975547375,43.25430602445263,4.845,15.129999999999999,None,1.6486486486486487
9784,55138.45370500266,64208.746294997334,0.0,86.39999999999999,56.73664319629601,43.26335680370397,168,4091,1.0,0.7277110452917877,164.0,3436.128104886909,3.783046265036491,0.0024287527971007176,0.03783046265036491,2.4287527971007174e-05,3.7824428797530674,0.0024292610032758486,27.83046265036491,0,56.745693975547375,43.25430602445263,4.845,15.129999999999999,None,1.967741935483871
9844,55136.38551219226,64210.81448780774,0.0,86.39999999999999,56.73664319629601,43.26335680370397,168,4125,1.0,0.7277110452917877,164.0,3460.8702804268346,3.783046265036491,0.0024287527971007176,0.03783046265036491,2.4287527971007174e-05,3.7824428797530674,0.0024292610032758486,27.83046265036491,0,56.745693975547375,43.25430602445263,4.845,15.129999999999999,None,1.7647058823529411
9905,55134.14677144449,64213.05322855551,0.0,86.39999999999999,56.73664319629601,43.26335680370397,168,4157,1.0,0.7277110452917877,164.0,3484.1570338761762,3.783046265036491,0.0024287527971007176,0.03783046265036491,2.4287527971007174e-05,3.7824428797530674,0.0024292610032758486,27.83046265036491,0,56.745693975547375,43.25430602445263,4.845,15.129999999999999,None,1.90625
9966,55132.067461187566,64215.132538812424,0.0,86.39999999999999,56.73664319629601,43.26335680370397,168,4192,1.0,0.7277110452917877,164.0,3509.6269204613936,3.783046265036491,0.0024287527971007176,0.03783046265036491,2.4287527971007174e-05,3.7824428797530674,0.0024292610032758486,27.83046265036491,0,56.745693975547375,43.25430602445263,4.845,15.129999999999999,None,1.7428571428571429
10026,55129.82339954474,64217.37660045527,0.0,86.39999999999999,56.73664319629601,43.26335680370397,169,4220,1.0,0.7277110452917877,164.0,3530.0028297295676,3.783046265036491,0.0024287527971007176,0.03783046265036491,2.4287527971007174e-05,3.7824428797530674,0.0024292610032758486,27.83046265036491,0,56.745693975547375,43.25430602445263,4.845,15.129999999999999,60.0,2.142857142857143
10087,55128.0504308397,64219.14956916029,0.0,86.39999999999999,56.73664319629601,43.26335680370397,169,4258,1.0,0.7277110452917877,164.0,3557.6558494506608,3.783046265036491,0.0024287527971007176,0.03783046265036491,2.4287527971007174e-05,3.7824428797530674,0.0024292610032758486,27.83046265036491,0,56.745693975547375,43.25430602445263,4.845,15.129999999999999,None,1.605263157894737
10148,55125.675311293824,64221.52468870619,0.0,86.39999999999999,56.73664319629601,43.26335680370397,169,4292,1.0,0.7277110452917877,164.0,3582.3980249905862,3.783046265036491,0.0024287527971007176,0.03783046265036491,2.4287527971007174e-05,3.7824428797530674,0.0024292610032758486,27.83046265036491,0,56.745693975547375,43.25430602445263,4.845,15.129999999999999,None,1.7941176470588236
10208,55123.57992498433,64223.62007501567,0.0,86.39999999999999,56.73664319629601,43.26335680370397,169,4309,1.0,0.7277110452917877,164.0,3594.769112760549,3.783046265036491,0.0024287527971007176,0.03783046265036491,2.4287527971007174e-05,3.7824428797530674,0.0024292610032758486,27.83046265036491,0,56.745693975547375,43.25430602445263,4.845,15.129999999999999,None,3.5294117647058822
10268,55122.54257652242,64224.657423477576,0.0,86.39999999999999,56.73664319629601,43.26335680370397,169,4342,1.0,0.7277110452917877,164.0,3618.7835772551825,3.783046265036491,0.0024287527971007176,0.03783046265036491,2.4287527971007174e-05,3.7824428797530674,0.0024292610032758486,27.83046265036491,0,56.745693975547375,43.25430602445263,4.845,15.129999999999999,None,1.8181818181818181
10329,55120.54826909471,64226.651730905294,0.0,86.39999999999999,56.73664319629601,43.26335680370397,169,4375,1.0,0.7277110452917877,164.0,3642.798041749816,3.783046265036491,0.0024287527971007176,0.03783046265036491,2.4287527971007174e-05,3.7824428797530674,0.0024292610032758486,27.83046265036491,0,56.745693975547375,43.25430602445263,4.845,15.129999999999999,None,1.8484848484848484
10390,55118.57912308842,64228.62087691158,0.0,86.39999999999999,56.73664319629601,43.26335680370397,169,4408,1.0,0.7277110452917877,164.0,3666.8125062444497,3.783046265036491,0.0024287527971007176,0.03783046265036491,2.4287527971007174e-05,3.7824428797530674,0.0024292610032758486,27.83046265036491,0,56.745693975547375,43.25430602445263,4.845,15.129999999999999,None,1.8484848484848484
10450,55116.634665310434,64230.56533468957,0.0,86.39999999999999,56.73664319629601,43.26335680370397,169,4427,1.0,0.7277110452917877,164.0,3680.6390161049962,3.783046265036491,0.0024287527971007176,0.03783046265036491,2.4287527971007174e-05,3.7824428797530674,0.0024292610032758486,27.83046265036491,0,56.745693975547375,43.25430602445263,4.845,15.129999999999999,None,3.1578947368421053
10511,55115.52614808345,64231.67385191655,0.0,86.39999999999999,56.73664319629601,43.26335680370397,169,4459,1.0,0.7277110452917877,164.0,3703.925769554338,3.783046265036491,0.0024287527971007176,0.03783046265036491,2.4287527971007174e-05,3.7824428797530674,0.0024292610032758486,27.83046265036491,0,56.745693975547375,43.25430602445263,4.845,15.129999999999999,None,1.90625
10571,55113.6770855884,64233.522914411595,0.0,86.39999999999999,56.73664319629601,43.26335680370397,170,4483,1.0,0.7277110452917877,165.0,3721.390834641344,3.783046265036491,0.0024287527971007176,0.03783046265036491,2.4287527971007174e-05,3.7824428797530674,0.0024292610032758486,27.83046265036491,0,56.745693975547375,43.25430602445263,4.845,15.129999999999999,60.0,2.5
10631,55114.07925480034,64233.120745199674,0.0,86.39999999999999,56.73664319629601,43.26335680370397,170,4526,1.0,0.7277110452917877,165.0,3752.682409588897,3.783046265036491,0.0024287527971007176,0.03783046265036491,2.4287527971007174e-05,3.7824428797530674,0.0024292610032758486,27.83046265036491,0,56.745693975547375,43.25430602445263,4.845,15.129999999999999,None,1.3953488372093024
10715,55111.637690517564,64235.56230948244,0.0,86.39999999999999,56.73664319629601,43.26335680370397,170,4544,1.0,0.7277110452917877,165.0,3765.7812084041516,3.783046265036491,0.0024287527971007176,0.03783046265036491,2.4287527971007174e-05,3.7824428797530674,0.0024292610032758486,27.83046265036491,0,56.745693975547375,43.25430602445263,4.845,15.129999999999999,None,4.666666666666667
10779,55110.627182381206,64236.57281761879,0.0,86.39999999999999,56.73664319629601,43.26335680370397,170,4545,1.0,0.7277110452917877,165.0,3765.7812084041516,3.783046265036491,0.0024287527971007176,0.03783046265036491,2.4287527971007174e-05,3.7824428797530674,0.0024292610032758486,27.83046265036491,0,56.745693975547375,43.25430602445263,4.845,15.129999999999999,None,64.0
10839,55110.627182381206,64236.57281761879,0.0,86.39999999999999,56.73664319629601,43.26335680370397,170,4560,1.0,0.7277110452917877,165.0,3776.6968740835305,3.783046265036491,0.0024287527971007176,0.03783046265036491,2.4287527971007174e-05,3.7824428797530674,0.0024292610032758486,27.83046265036491,0,56.745693975547375,43.25430602445263,4.845,15.129999999999999,None,4.0
10900,55109.79022263244,64237.40977736757,0.0,86.39999999999999,56.73664319629601,43.26335680370397,170,4591,1.0,0.7277110452917877,165.0,3799.25591648758,3.783046265036491,0.0024287527971007176,0.03783046265036491,2.4287527971007174e-05,3.7824428797530674,0.0024292610032758486,27.83046265036491,0,56.745693975547375,43.25430602445263,4.845,15.129999999999999,None,1.967741935483871
10961,55108.07511177884,64239.12488822117,0.0,86.39999999999999,56.73664319629601,43.26335680370397,170,4621,1.0,0.7277110452917877,165.0,3821.087247846338,3.783046265036491,0.0024287527971007176,0.03783046265036491,2.4287527971007174e-05,3.7824428797530674,0.0024292610032758486,27.83046265036491,0,56.745693975547375,43.25430602445263,4.845,15.129999999999999,None,2.033333333333333
11087,55106.43381098807,64240.76618901193,0.0,86.39999999999999,56.73664319629601,43.26335680370397,170,4649,1.0,0.7277110452917877,165.0,3841.463157114512,3.783046265036491,0.0024287527971007176,0.03783046265036491,2.4287527971007174e-05,3.7824428797530674,0.0024292610032758486,27.83046265036491,0,56.745693975547375,43.25430602445263,4.845,15.129999999999999,None,4.5
11148,55104.91806828909,64242.281931710924,0.0,86.39999999999999,56.73664319629601,43.26335680370397,170,4675,1.0,0.7277110452917877,165.0,3860.383644292102,3.783046265036491,0.0024287527971007176,0.03783046265036491,2.4287527971007174e-05,3.7824428797530674,0.0024292610032758486,27.83046265036491,0,56.745693975547375,43.25430602445263,4.845,15.129999999999999,None,2.3461538461538463
11208,55103.524332910485,64243.67566708953,0.0,86.39999999999999,56.73664319629601,43.26335680370397,170,4692,1.0,0.7277110452917877,165.0,3872.7547320620647,3.783046265036491,0.0024287527971007176,0.03783046265036491,2.4287527971007174e-05,3.7824428797530674,0.0024292610032758486,27.83046265036491,0,56.745693975547375,43.25430602445263,4.845,15.129999999999999,None,3.5294117647058822
11269,55102.62010664855,64244.57989335146,0.0,86.39999999999999,56.73664319629601,43.26335680370397,170,4717,1.0,0.7277110452917877,165.0,3890.947508194363,3.783046265036491,0.0024287527971007176,0.03783046265036491,2.4287527971007174e-05,3.7824428797530674,0.0024292610032758486,27.83046265036491,0,56.745693975547375,43.25430602445263,4.845,15.129999999999999,None,2.44
11329,55101.30038252441,64245.899617475596,0.0,86.39999999999999,56.73664319629601,43.26335680370397,170,4752,1.0,0.7277110452917877,165.0,3916.4173947795803,3.783046265036491,0.0024287527971007176,0.03783046265036491,2.4287527971007174e-05,3.7824428797530674,0.0024292610032758486,27.83046265036491,0,56.745693975547375,43.25430602445263,4.845,15.129999999999999,None,1.7142857142857142
11389,55099.472534368586,64247.72746563142,0.0,86.39999999999999,56.73664319629601,43.26335680370397,170,4789,1.0,0.7277110452917877,165.0,3943.3427034553815,3.783046265036491,0.0024287527971007176,0.03783046265036491,2.4287527971007174e-05,3.7824428797530674,0.0024292610032758486,27.83046265036491,0,56.745693975547375,43.25430602445263,4.845,15.129999999999999,None,1.6216216216216217
11450,55097.5648810314,64249.63511896861,0.0,86.39999999999999,56.73664319629601,43.26335680370397,170,4821,1.0,0.7277110452917877,165.0,3966.629456904723,3.783046265036491,0.0024287527971007176,0.03783046265036491,2.4287527971007174e-05,3.7824428797530674,0.0024292610032758486,27.83046265036491,0,56.745693975547375,43.25430602445263,4.845,15.129999999999999,None,1.90625
11511,55095.9350696103,64251.26493038971,0.0,86.39999999999999,56.73664319629601,43.26335680370397,170,4853,1.0,0.7277110452917877,165.0,3989.916210354065,3.783046265036491,0.0024287527971007176,0.03783046265036491,2.4287527971007174e-05,3.7824428797530674,0.0024292610032758486,27.83046265036491,0,56.745693975547375,43.25430602445263,4.845,15.129999999999999,None,1.90625
11571,55094.323527157714,64252.87647284229,0.0,86.39999999999999,56.73664319629601,43.26335680370397,170,4893,1.0,0.7277110452917877,165.0,4019.024652165742,3.783046265036491,0.0024287527971007176,0.03783046265036491,2.4287527971007174e-05,3.7824428797530674,0.0024292610032758486,27.83046265036491,0,56.745693975547375,43.25430602445263,4.845,15.129999999999999,None,1.5
11632,55092.334325126874,64254.86567487313,0.0,86.39999999999999,56.73664319629601,43.26335680370397,170,4919,1.0,0.7277110452917877,165.0,4037.945139343332,3.783046265036491,0.0024287527971007176,0.03783046265036491,2.4287527971007174e-05,3.7824428797530674,0.0024292610032758486,27.83046265036491,0,56.745693975547375,43.25430602445263,4.845,15.129999999999999,None,2.3461538461538463
11692,55091.05611928116,64256.143880718846,0.0,86.39999999999999,56.73664319629601,43.26335680370397,170,4946,1.0,0.7277110452917877,165.0,4057.593337566214,3.783046265036491,0.0024287527971007176,0.03783046265036491,2.4287527971007174e-05,3.7824428797530674,0.0024292610032758486,27.83046265036491,0,56.745693975547375,43.25430602445263,4.845,15.129999999999999,None,2.2222222222222223
11752,55089.74087569632,64257.459124303685,0.0,86.39999999999999,56.73664319629601,43.26335680370397,170,4982,1.0,0.7277110452917877,165.0,4083.7909351967232,3.783046265036491,0.0024287527971007176,0.03783046265036491,2.4287527971007174e-05,3.7824428797530674,0.0024292610032758486,27.83046265036491,0,56.745693975547375,43.25430602445263,4.845,15.129999999999999,None,1.6666666666666667
11817,55088.00614010801,64259.193859891995,0.0,86.39999999999999,56.73664319629601,43.26335680370397,170,4984,1.0,0.7277110452917877,165.0,4085.246357287307,3.783046265036491,0.0024287527971007176,0.03783046265036491,2.4287527971007174e-05,3.7824428797530674,0.0024292610032758486,27.83046265036491,0,56.745693975547375,43.25430602445263,4.845,15.129999999999999,None,32.5
11877,55087.910392939986,64259.28960706002,0.0,86.39999999999999,56.73664319629601,43.26335680370397,170,5003,1.0,0.7277110452917877,165.0,4098.34515610256,3.783046265036491,0.0024287527971007176,0.03783046265036491,2.4287527971007174e-05,3.7824428797530674,0.0024292610032758486,27.83046265036491,0,56.745693975547375,43.25430602445263,4.845,15.129999999999999,None,3.1578947368421053
11938,55087.05161018563,64260.14838981436,0.0,86.39999999999999,56.73664319629601,43.26335680370397,170,5020,1.0,0.7277110452917877,165.0,4110.716243872515,3.783046265036491,0.0024287527971007176,0.03783046265036491,2.4287527971007174e-05,3.7824428797530674,0.0024292610032758486,27.83046265036491,0,56.745693975547375,43.25430602445263,4.845,15.129999999999999,None,3.588235294117647
11998,55086.24536903849,64260.95463096152,0.0,86.39999999999999,56.73664319629601,43.26335680370397,170,5054,1.0,0.7277110452917877,165.0,4135.458419412425,3.783046265036491,0.0024287527971007176,0.03783046265036491,2.4287527971007174e-05,3.7824428797530674,0.0024292610032758486,27.83046265036491,0,56.745693975547375,43.25430602445263,4.845,15.129999999999999,None,1.7647058823529411
12058,55084.64680258156,64262.55319741844,0.0,86.39999999999999,56.73664319629601,43.26335680370397,170,5093,1.0,0.7277110452917877,165.0,4163.839150178793,3.783046265036491,0.0024287527971007176,0.03783046265036491,2.4287527971007174e-05,3.7824428797530674,0.0024292610032758486,27.83046265036491,0,56.745693975547375,43.25430602445263,4.845,15.129999999999999,None,1.5384615384615385
12118,55082.83565511456,64264.36434488544,0.0,86.39999999999999,56.73664319629601,43.26335680370397,170,5124,1.0,0.7277110452917877,165.0,4186.398192582828,3.783046265036491,0.0024287527971007176,0.03783046265036491,2.4287527971007174e-05,3.7824428797530674,0.0024292610032758486,27.83046265036491,0,56.745693975547375,43.25430602445263,4.845,15.129999999999999,None,1.935483870967742
12198,55081.41287814882,64265.78712185118,0.0,86.39999999999999,56.73664319629601,43.26335680370397,170,5144,1.0,0.7277110452917877,165.0,4200.952413488658,3.783046265036491,0.0024287527971007176,0.03783046265036491,2.4287527971007174e-05,3.7824428797530674,0.0024292610032758486,27.83046265036491,0,56.745693975547375,43.25430602445263,4.845,15.129999999999999,None,4.0
12259,55080.502760411946,64266.69723958806,0.0,86.39999999999999,56.73664319629601,43.26335680370397,170,5182,1.0,0.7277110452917877,165.0,4228.605433209734,3.783046265036491,0.0024287527971007176,0.03783046265036491,2.4287527971007174e-05,3.7824428797530674,0.0024292610032758486,27.83046265036491,0,56.745693975547375,43.25430602445263,4.845,15.129999999999999,None,1.605263157894737
12319,55078.79014852692,64268.40985147309,0.0,86.39999999999999,56.73664319629601,43.26335680370397,170,5207,1.0,0.7277110452917877,165.0,4246.7982093420205,3.783046265036491,0.0024287527971007176,0.03783046265036491,2.4287527971007174e-05,3.7824428797530674,0.0024292610032758486,27.83046265036491,0,56.745693975547375,43.25430602445263,4.845,15.129999999999999,None,2.4
12380,55077.675138627084,64269.52486137291,0.0,86.39999999999999,56.73664319629601,43.26335680370397,170,5246,1.0,0.7277110452917877,165.0,4275.178940108388,3.783046265036491,0.0024287527971007176,0.03783046265036491,2.4287527971007174e-05,3.7824428797530674,0.0024292610032758486,27.83046265036491,0,56.745693975547375,43.25430602445263,4.845,15.129999999999999,None,1.564102564102564
12441,55075.95396809606,64271.246031903946,0.0,86.39999999999999,56.73664319629601,43.26335680370397,170,5272,1.0,0.7277110452917877,165.0,4294.099427285966,3.783046265036491,0.0024287527971007176,0.03783046265036491,2.4287527971007174e-05,3.7824428797530674,0.0024292610032758486,27.83046265036491,0,56.745693975547375,43.25430602445263,4.845,15.129999999999999,None,2.3461538461538463
12501,55074.81869295952,64272.38130704049,0.0,86.39999999999999,56.73664319629601,43.26335680370397,170,5294,1.0,0.7277110452917877,165.0,4310.1090702823785,3.783046265036491,0.0024287527971007176,0.03783046265036491,2.4287527971007174e-05,3.7824428797530674,0.0024292610032758486,27.83046265036491,0,56.745693975547375,43.25430602445263,4.845,15.129999999999999,None,2.727272727272727
12562,55073.865573563955,64273.33442643604,0.0,86.39999999999999,56.73664319629601,43.26335680370397,170,5326,1.0,0.7277110452917877,165.0,4333.395823731706,3.783046265036491,0.0024287527971007176,0.03783046265036491,2.4287527971007174e-05,3.7824428797530674,0.0024292610032758486,27.83046265036491,0,56.745693975547375,43.25430602445263,4.845,15.129999999999999,None,1.90625
12623,55072.49132879116,64274.70867120883,0.0,86.39999999999999,56.73664319629601,43.26335680370397,170,5355,1.0,0.7277110452917877,165.0,4354.499444045158,3.783046265036491,0.0024287527971007176,0.03783046265036491,2.4287527971007174e-05,3.7824428797530674,0.0024292610032758486,27.83046265036491,0,56.745693975547375,43.25430602445263,4.845,15.129999999999999,None,2.103448275862069
12684,55071.25815183495,64275.941848165065,0.0,86.39999999999999,56.73664319629601,43.26335680370397,170,5389,1.0,0.7277110452917877,165.0,4379.241619585068,3.783046265036491,0.0024287527971007176,0.03783046265036491,2.4287527971007174e-05,3.7824428797530674,0.0024292610032758486,27.83046265036491,0,56.745693975547375,43.25430602445263,4.845,15.129999999999999,None,1.7941176470588236
12744,55069.82694443793,64277.37305556207,0.0,86.39999999999999,56.73664319629601,43.26335680370397,170,5426,1.0,0.7277110452917877,165.0,4406.166928260853,3.783046265036491,0.0024287527971007176,0.03783046265036491,2.4287527971007174e-05,3.7824428797530674,0.0024292610032758486,27.83046265036491,0,56.745693975547375,43.25430602445263,4.845,15.129999999999999,None,1.6216216216216217
12804,55068.28705820773,64278.91294179228,0.0,86.39999999999999,56.73664319629601,43.26335680370397,170,5461,1.0,0.7277110452917877,165.0,4431.636814846054,3.783046265036491,0.0024287527971007176,0.03783046265036491,2.4287527971007174e-05,3.7824428797530674,0.0024292610032758486,27.83046265036491,0,56.745693975547375,43.25430602445263,4.845,15.129999999999999,None,1.7142857142857142
12865,55066.847012822655,64280.352987177335,0.0,86.39999999999999,56.73664319629601,43.26335680370397,170,5492,1.0,0.7277110452917877,165.0,4454.19585725009,3.783046265036491,0.0024287527971007176,0.03783046265036491,2.4287527971007174e-05,3.7824428797530674,0.0024292610032758486,27.83046265036491,0,56.745693975547375,43.25430602445263,4.845,15.129999999999999,None,1.967741935483871
12926,55065.58480597153,64281.61519402848,0.0,86.39999999999999,56.73664319629601,43.26335680370397,170,5518,1.0,0.7277110452917877,165.0,4473.116344427668,3.783046265036491,0.0024287527971007176,0.03783046265036491,2.4287527971007174e-05,3.7824428797530674,0.0024292610032758486,27.83046265036491,0,56.745693975547375,43.25430602445263,4.845,15.129999999999999,None,2.3461538461538463
12987,55064.53564835003,64282.66435164998,0.0,86.39999999999999,56.73664319629601,43.26335680370397,172,5539,1.0,0.7277110452917877,167.0,4488.398276378789,3.783046265036491,0.0024287527971007176,0.03783046265036491,2.4287527971007174e-05,3.7824428797530674,0.0024292610032758486,27.83046265036491,0,56.745693975547375,43.25430602445263,4.845,15.129999999999999,30.5,2.9047619047619047
13000,55066.67798545832,64280.52201454168,0.0,86.39999999999999,56.73664319629601,43.26335680370397,172,5545,1.0,0.7277110452917877,167.0,4492.764542650538,3.783046265036491,0.0024287527971007176,0.03783046265036491,2.4287527971007174e-05,3.7824428797530674,0.0024292610032758486,27.83046265036491,0,56.745693975547375,43.25430602445263,4.845,15.129999999999999,None,2.1666666666666665
